0.0,-0.345
0.003,-0.345
0.006,-0.345
0.008,-0.345
0.011,-0.345
0.014,-0.345
0.017,-0.345
0.019,-0.345
0.022,-0.33
0.025,-0.32
0.028,-0.32
0.031,-0.325
0.033,-0.33
0.036,-0.325
0.039,-0.315
0.042,-0.305
0.044,-0.3
0.047,-0.315
0.05,-0.32
0.053,-0.315
0.056,-0.3
0.058,-0.29
0.061,-0.29
0.064,-0.295
0.067,-0.29
0.069,-0.295
0.072,-0.285
0.075,-0.255
0.078,-0.23
0.081,-0.2
0.083,-0.195
0.086,-0.16
0.089,-0.16
0.092,-0.165
0.094,-0.2
0.097,-0.2
0.1,-0.21
0.103,-0.21
0.106,-0.205
0.108,-0.21
0.111,-0.21
0.114,-0.22
0.117,-0.25
0.119,-0.25
0.122,-0.25
0.125,-0.26
0.128,-0.265
0.131,-0.275
0.133,-0.305
0.136,-0.32
0.139,-0.33
0.142,-0.32
0.144,-0.32
0.147,-0.315
0.15,-0.34
0.153,-0.35
0.156,-0.335
0.158,-0.32
0.161,-0.31
0.164,-0.335
0.167,-0.345
0.169,-0.35
0.172,-0.35
0.175,-0.355
0.178,-0.35
0.181,-0.35
0.183,-0.37
0.186,-0.36
0.189,-0.345
0.192,-0.325
0.194,-0.325
0.197,-0.335
0.2,-0.37
0.203,-0.4
0.206,-0.4
0.208,-0.395
0.211,-0.35
0.214,-0.21
0.217,-0.01
0.219,0.245
0.222,0.53
0.225,0.85
0.228,1.085
0.231,1.065
0.233,0.815
0.236,0.48
0.239,0.21
0.242,-0.01
0.244,-0.145
0.247,-0.185
0.25,-0.24
0.253,-0.285
0.256,-0.285
0.258,-0.285
0.261,-0.29
0.264,-0.3
0.267,-0.335
0.269,-0.36
0.272,-0.36
0.275,-0.385
0.278,-0.395
0.281,-0.415
0.283,-0.43
0.286,-0.435
0.289,-0.405
0.292,-0.41
0.294,-0.405
0.297,-0.415
0.3,-0.44
0.303,-0.43
0.306,-0.415
0.308,-0.42
0.311,-0.415
0.314,-0.42
0.317,-0.43
0.319,-0.44
0.322,-0.425
0.325,-0.415
0.328,-0.425
0.331,-0.43
0.333,-0.425
0.336,-0.415
0.339,-0.42
0.342,-0.415
0.344,-0.42
0.347,-0.42
0.35,-0.435
0.353,-0.415
0.356,-0.415
0.358,-0.4
0.361,-0.395
0.364,-0.41
0.367,-0.425
0.369,-0.415
0.372,-0.405
0.375,-0.395
0.378,-0.4
0.381,-0.41
0.383,-0.42
0.386,-0.41
0.389,-0.395
0.392,-0.38
0.394,-0.39
0.397,-0.4
0.4,-0.415
0.403,-0.42
0.406,-0.385
0.408,-0.375
0.411,-0.38
0.414,-0.375
0.417,-0.365
0.419,-0.35
0.422,-0.35
0.425,-0.35
0.428,-0.34
0.431,-0.35
0.433,-0.35
0.436,-0.325
0.439,-0.32
0.442,-0.31
0.444,-0.31
0.447,-0.31
0.45,-0.305
0.453,-0.285
0.456,-0.27
0.458,-0.265
0.461,-0.265
0.464,-0.255
0.467,-0.24
0.469,-0.22
0.472,-0.21
0.475,-0.205
0.478,-0.19
0.481,-0.175
0.483,-0.175
0.486,-0.165
0.489,-0.155
0.492,-0.145
0.494,-0.13
0.497,-0.125
0.5,-0.135
0.503,-0.125
0.506,-0.11
0.508,-0.09
0.511,-0.105
0.514,-0.12
0.517,-0.12
0.519,-0.12
0.522,-0.11
0.525,-0.11
0.528,-0.13
0.531,-0.16
0.533,-0.165
0.536,-0.17
0.539,-0.17
0.542,-0.18
0.544,-0.205
0.547,-0.225
0.55,-0.235
0.553,-0.245
0.556,-0.25
0.558,-0.255
0.561,-0.265
0.564,-0.275
0.567,-0.285
0.569,-0.295
0.572,-0.29
0.575,-0.305
0.578,-0.315
0.581,-0.33
0.583,-0.34
0.586,-0.325
0.589,-0.325
0.592,-0.315
0.594,-0.31
0.597,-0.335
0.6,-0.355
0.603,-0.355
0.606,-0.365
0.608,-0.345
0.611,-0.345
0.614,-0.33
0.617,-0.35
0.619,-0.355
0.622,-0.34
0.625,-0.345
0.628,-0.345
0.631,-0.35
0.633,-0.35
0.636,-0.35
0.639,-0.345
0.642,-0.33
0.644,-0.34
0.647,-0.35
0.65,-0.36
0.653,-0.35
0.656,-0.34
0.658,-0.33
0.661,-0.32
0.664,-0.325
0.667,-0.32
0.669,-0.325
0.672,-0.32
0.675,-0.315
0.678,-0.325
0.681,-0.345
0.683,-0.35
0.686,-0.33
0.689,-0.32
0.692,-0.305
0.694,-0.305
0.697,-0.3
0.7,-0.32
0.703,-0.325
0.706,-0.325
0.708,-0.305
0.711,-0.29
0.714,-0.305
0.717,-0.32
0.719,-0.325
0.722,-0.325
0.725,-0.31
0.728,-0.31
0.731,-0.31
0.733,-0.325
0.736,-0.31
0.739,-0.31
0.742,-0.315
0.744,-0.31
0.747,-0.32
0.75,-0.33
0.753,-0.32
0.756,-0.315
0.758,-0.315
0.761,-0.315
0.764,-0.34
0.767,-0.34
0.769,-0.325
0.772,-0.31
0.775,-0.305
0.778,-0.32
0.781,-0.32
0.783,-0.33
0.786,-0.33
0.789,-0.335
0.792,-0.32
0.794,-0.32
0.797,-0.33
0.8,-0.34
0.803,-0.345
0.806,-0.335
0.808,-0.32
0.811,-0.33
0.814,-0.325
0.817,-0.32
0.819,-0.325
0.822,-0.325
0.825,-0.315
0.828,-0.315
0.831,-0.32
0.833,-0.335
0.836,-0.335
0.839,-0.325
0.842,-0.32
0.844,-0.33
0.847,-0.34
0.85,-0.35
0.853,-0.33
0.856,-0.335
0.858,-0.325
0.861,-0.31
0.864,-0.34
0.867,-0.355
0.869,-0.335
0.872,-0.32
0.875,-0.305
0.878,-0.31
0.881,-0.315
0.883,-0.32
0.886,-0.35
0.889,-0.315
0.892,-0.32
0.894,-0.32
0.897,-0.32
0.9,-0.32
0.903,-0.32
0.906,-0.31
0.908,-0.31
0.911,-0.315
0.914,-0.315
0.917,-0.31
0.919,-0.295
0.922,-0.28
0.925,-0.28
0.928,-0.29
0.931,-0.295
0.933,-0.295
0.936,-0.285
0.939,-0.275
0.942,-0.24
0.944,-0.22
0.947,-0.215
0.95,-0.215
0.953,-0.175
0.956,-0.145
0.958,-0.14
0.961,-0.15
0.964,-0.185
0.967,-0.21
0.969,-0.215
0.972,-0.215
0.975,-0.205
0.978,-0.21
0.981,-0.215
0.983,-0.235
0.986,-0.255
0.989,-0.25
0.992,-0.25
0.994,-0.24
0.997,-0.255
1.0,-0.27
1.003,-0.275
1.006,-0.3
1.008,-0.3
1.011,-0.325
1.014,-0.32
1.017,-0.325
1.019,-0.315
1.022,-0.305
1.025,-0.305
1.028,-0.315
1.031,-0.32
1.033,-0.355
1.036,-0.35
1.039,-0.35
1.042,-0.335
1.044,-0.32
1.047,-0.325
1.05,-0.34
1.053,-0.35
1.056,-0.325
1.058,-0.305
1.061,-0.31
1.064,-0.325
1.067,-0.36
1.069,-0.355
1.072,-0.36
1.075,-0.355
1.078,-0.36
1.081,-0.37
1.083,-0.27
1.086,-0.085
1.089,0.135
1.092,0.385
1.094,0.69
1.097,0.945
1.1,1.02
1.103,0.89
1.106,0.605
1.108,0.345
1.111,0.115
1.114,-0.055
1.117,-0.14
1.119,-0.185
1.122,-0.235
1.125,-0.24
1.128,-0.25
1.131,-0.27
1.133,-0.3
1.136,-0.315
1.139,-0.34
1.142,-0.37
1.144,-0.38
1.147,-0.405
1.15,-0.395
1.153,-0.385
1.156,-0.375
1.158,-0.365
1.161,-0.375
1.164,-0.395
1.167,-0.415
1.169,-0.42
1.172,-0.405
1.175,-0.39
1.178,-0.41
1.181,-0.4
1.183,-0.41
1.186,-0.39
1.189,-0.395
1.192,-0.39
1.194,-0.395
1.197,-0.415
1.2,-0.425
1.203,-0.42
1.206,-0.395
1.208,-0.39
1.211,-0.4
1.214,-0.405
1.217,-0.405
1.219,-0.395
1.222,-0.385
1.225,-0.385
1.228,-0.385
1.231,-0.4
1.233,-0.405
1.236,-0.405
1.239,-0.4
1.242,-0.39
1.244,-0.385
1.247,-0.4
1.25,-0.415
1.253,-0.405
1.256,-0.39
1.258,-0.375
1.261,-0.37
1.264,-0.385
1.267,-0.4
1.269,-0.385
1.272,-0.37
1.275,-0.36
1.278,-0.365
1.281,-0.365
1.283,-0.375
1.286,-0.38
1.289,-0.355
1.292,-0.34
1.294,-0.34
1.297,-0.335
1.3,-0.345
1.303,-0.335
1.306,-0.32
1.308,-0.315
1.311,-0.33
1.314,-0.315
1.317,-0.33
1.319,-0.315
1.322,-0.3
1.325,-0.275
1.328,-0.255
1.331,-0.24
1.333,-0.255
1.336,-0.245
1.339,-0.235
1.342,-0.22
1.344,-0.21
1.347,-0.21
1.35,-0.215
1.353,-0.205
1.356,-0.185
1.358,-0.17
1.361,-0.15
1.364,-0.14
1.367,-0.145
1.369,-0.14
1.372,-0.115
1.375,-0.12
1.378,-0.125
1.381,-0.115
1.383,-0.13
1.386,-0.12
1.389,-0.12
1.392,-0.125
1.394,-0.115
1.397,-0.13
1.4,-0.125
1.403,-0.125
1.406,-0.13
1.408,-0.14
1.411,-0.16
1.414,-0.17
1.417,-0.19
1.419,-0.195
1.422,-0.19
1.425,-0.18
1.428,-0.195
1.431,-0.225
1.433,-0.235
1.436,-0.24
1.439,-0.235
1.442,-0.235
1.444,-0.24
1.447,-0.27
1.45,-0.275
1.453,-0.28
1.456,-0.275
1.458,-0.275
1.461,-0.28
1.464,-0.3
1.467,-0.31
1.469,-0.31
1.472,-0.305
1.475,-0.295
1.478,-0.295
1.481,-0.31
1.483,-0.32
1.486,-0.305
1.489,-0.3
1.492,-0.295
1.494,-0.315
1.497,-0.315
1.5,-0.32
1.503,-0.305
1.506,-0.305
1.508,-0.295
1.511,-0.31
1.514,-0.305
1.517,-0.3
1.519,-0.305
1.522,-0.3
1.525,-0.31
1.528,-0.295
1.531,-0.295
1.533,-0.295
1.536,-0.29
1.539,-0.285
1.542,-0.28
1.544,-0.275
1.547,-0.275
1.55,-0.285
1.553,-0.29
1.556,-0.275
1.558,-0.28
1.561,-0.27
1.564,-0.285
1.567,-0.295
1.569,-0.295
1.572,-0.275
1.575,-0.27
1.578,-0.265
1.581,-0.265
1.583,-0.27
1.586,-0.265
1.589,-0.27
1.592,-0.26
1.594,-0.26
1.597,-0.265
1.6,-0.285
1.603,-0.285
1.606,-0.275
1.608,-0.26
1.611,-0.265
1.614,-0.28
1.617,-0.285
1.619,-0.28
1.622,-0.265
1.625,-0.265
1.628,-0.265
1.631,-0.265
1.633,-0.265
1.636,-0.27
1.639,-0.27
1.642,-0.255
1.644,-0.265
1.647,-0.28
1.65,-0.29
1.653,-0.28
1.656,-0.27
1.658,-0.27
1.661,-0.265
1.664,-0.265
1.667,-0.295
1.669,-0.28
1.672,-0.285
1.675,-0.265
1.678,-0.265
1.681,-0.28
1.683,-0.285
1.686,-0.285
1.689,-0.275
1.692,-0.275
1.694,-0.275
1.697,-0.275
1.7,-0.285
1.703,-0.285
1.706,-0.27
1.708,-0.265
1.711,-0.27
1.714,-0.275
1.717,-0.285
1.719,-0.28
1.722,-0.265
1.725,-0.265
1.728,-0.275
1.731,-0.27
1.733,-0.275
1.736,-0.275
1.739,-0.275
1.742,-0.26
1.744,-0.265
1.747,-0.275
1.75,-0.285
1.753,-0.28
1.756,-0.28
1.758,-0.26
1.761,-0.27
1.764,-0.275
1.767,-0.28
1.769,-0.28
1.772,-0.27
1.775,-0.255
1.778,-0.225
1.781,-0.235
1.783,-0.245
1.786,-0.24
1.789,-0.22
1.792,-0.21
1.794,-0.215
1.797,-0.22
1.8,-0.225
1.803,-0.235
1.806,-0.23
1.808,-0.22
1.811,-0.19
1.814,-0.18
1.817,-0.185
1.819,-0.15
1.822,-0.115
1.825,-0.105
1.828,-0.1
1.831,-0.125
1.833,-0.15
1.836,-0.155
1.839,-0.15
1.842,-0.16
1.844,-0.175
1.847,-0.185
1.85,-0.2
1.853,-0.19
1.856,-0.19
1.858,-0.18
1.861,-0.195
1.864,-0.21
1.867,-0.225
1.869,-0.22
1.872,-0.225
1.875,-0.24
1.878,-0.24
1.881,-0.26
1.883,-0.29
1.886,-0.285
1.889,-0.28
1.892,-0.265
1.894,-0.275
1.897,-0.295
1.9,-0.305
1.903,-0.295
1.906,-0.29
1.908,-0.275
1.911,-0.285
1.914,-0.295
1.917,-0.305
1.919,-0.32
1.922,-0.305
1.925,-0.295
1.928,-0.3
1.931,-0.305
1.933,-0.305
1.936,-0.295
1.939,-0.285
1.942,-0.29
1.944,-0.31
1.947,-0.34
1.95,-0.37
1.953,-0.365
1.956,-0.29
1.958,-0.15
1.961,0.065
1.964,0.295
1.967,0.54
1.969,0.84
1.972,1.085
1.975,1.165
1.978,1.04
1.981,0.765
1.983,0.48
1.986,0.22
1.989,0.015
1.992,-0.08
1.994,-0.115
1.997,-0.185
2.0,-0.235
2.003,-0.245
2.006,-0.235
2.008,-0.24
2.011,-0.26
2.014,-0.3
2.017,-0.345
2.019,-0.35
2.022,-0.365
2.025,-0.35
2.028,-0.365
2.031,-0.375
2.033,-0.39
2.036,-0.375
2.039,-0.37
2.042,-0.37
2.044,-0.375
2.047,-0.385
2.05,-0.39
2.053,-0.395
2.056,-0.4
2.058,-0.39
2.061,-0.39
2.064,-0.4
2.067,-0.4
2.069,-0.39
2.072,-0.385
2.075,-0.385
2.078,-0.385
2.081,-0.395
2.083,-0.41
2.086,-0.4
2.089,-0.39
2.092,-0.385
2.094,-0.395
2.097,-0.395
2.1,-0.405
2.103,-0.405
2.106,-0.39
2.108,-0.38
2.111,-0.38
2.114,-0.395
2.117,-0.4
2.119,-0.41
2.122,-0.39
2.125,-0.385
2.128,-0.375
2.131,-0.385
2.133,-0.395
2.136,-0.395
2.139,-0.39
2.142,-0.38
2.144,-0.385
2.147,-0.39
2.15,-0.395
2.153,-0.385
2.156,-0.375
2.158,-0.365
2.161,-0.365
2.164,-0.37
2.167,-0.37
2.169,-0.365
2.172,-0.35
2.175,-0.34
2.178,-0.345
2.181,-0.345
2.183,-0.36
2.186,-0.35
2.189,-0.32
2.192,-0.305
2.194,-0.29
2.197,-0.3
2.2,-0.29
2.203,-0.295
2.206,-0.28
2.208,-0.255
2.211,-0.235
2.214,-0.245
2.217,-0.245
2.219,-0.235
2.222,-0.225
2.225,-0.205
2.228,-0.18
2.231,-0.18
2.233,-0.19
2.236,-0.17
2.239,-0.155
2.242,-0.145
2.244,-0.14
2.247,-0.15
2.25,-0.14
2.253,-0.145
2.256,-0.135
2.258,-0.11
2.261,-0.13
2.264,-0.125
2.267,-0.13
2.269,-0.135
2.272,-0.12
2.275,-0.12
2.278,-0.12
2.281,-0.145
2.283,-0.165
2.286,-0.17
2.289,-0.175
2.292,-0.175
2.294,-0.19
2.297,-0.215
2.3,-0.225
2.303,-0.235
2.306,-0.25
2.308,-0.245
2.311,-0.265
2.314,-0.27
2.317,-0.295
2.319,-0.315
2.322,-0.305
2.325,-0.295
2.328,-0.3
2.331,-0.315
2.333,-0.325
2.336,-0.325
2.339,-0.325
2.342,-0.325
2.344,-0.33
2.347,-0.34
2.35,-0.355
2.353,-0.36
2.356,-0.35
2.358,-0.335
2.361,-0.355
2.364,-0.36
2.367,-0.365
2.369,-0.365
2.372,-0.345
2.375,-0.35
2.378,-0.36
2.381,-0.36
2.383,-0.355
2.386,-0.35
2.389,-0.345
2.392,-0.335
2.394,-0.345
2.397,-0.365
2.4,-0.375
2.403,-0.365
2.406,-0.35
2.408,-0.355
2.411,-0.345
2.414,-0.35
2.417,-0.35
2.419,-0.355
2.422,-0.345
2.425,-0.33
2.428,-0.325
2.431,-0.33
2.433,-0.35
2.436,-0.35
2.439,-0.35
2.442,-0.34
2.444,-0.34
2.447,-0.35
2.45,-0.355
2.453,-0.345
2.456,-0.335
2.458,-0.33
2.461,-0.34
2.464,-0.34
2.467,-0.35
2.469,-0.34
2.472,-0.325
2.475,-0.325
2.478,-0.32
2.481,-0.34
2.483,-0.355
2.486,-0.36
2.489,-0.355
2.492,-0.345
2.494,-0.33
2.497,-0.335
2.5,-0.345
2.503,-0.345
2.506,-0.35
2.508,-0.33
2.511,-0.33
2.514,-0.345
2.517,-0.345
2.519,-0.35
2.522,-0.34
2.525,-0.345
2.528,-0.345
2.531,-0.345
2.533,-0.35
2.536,-0.345
2.539,-0.345
2.542,-0.335
2.544,-0.355
2.547,-0.36
2.55,-0.365
2.553,-0.365
2.556,-0.36
2.558,-0.35
2.561,-0.355
2.564,-0.355
2.567,-0.355
2.569,-0.35
2.572,-0.345
2.575,-0.34
2.578,-0.355
2.581,-0.37
2.583,-0.38
2.586,-0.38
2.589,-0.375
2.592,-0.365
2.594,-0.36
2.597,-0.355
2.6,-0.355
2.603,-0.365
2.606,-0.365
2.608,-0.345
2.611,-0.34
2.614,-0.36
2.617,-0.385
2.619,-0.38
2.622,-0.36
2.625,-0.345
2.628,-0.345
2.631,-0.365
2.633,-0.375
2.636,-0.385
2.639,-0.355
2.642,-0.35
2.644,-0.35
2.647,-0.36
2.65,-0.37
2.653,-0.37
2.656,-0.355
2.658,-0.35
2.661,-0.35
2.664,-0.365
2.667,-0.365
2.669,-0.36
2.672,-0.335
2.675,-0.325
2.678,-0.33
2.681,-0.325
2.683,-0.33
2.686,-0.315
2.689,-0.305
2.692,-0.31
2.694,-0.32
2.697,-0.325
2.7,-0.32
2.703,-0.31
2.706,-0.28
2.708,-0.265
2.711,-0.245
2.714,-0.24
2.717,-0.23
2.719,-0.23
2.722,-0.225
2.725,-0.22
2.728,-0.235
2.731,-0.25
2.733,-0.265
2.736,-0.275
2.739,-0.255
2.742,-0.26
2.744,-0.255
2.747,-0.27
2.75,-0.3
2.753,-0.315
2.756,-0.315
2.758,-0.32
2.761,-0.325
2.764,-0.335
2.767,-0.355
2.769,-0.365
2.772,-0.365
2.775,-0.38
2.778,-0.39
2.781,-0.4
2.783,-0.395
2.786,-0.38
2.789,-0.375
2.792,-0.385
2.794,-0.415
2.797,-0.42
2.8,-0.42
2.803,-0.425
2.806,-0.415
2.808,-0.405
2.811,-0.41
2.814,-0.425
2.817,-0.43
2.819,-0.41
2.822,-0.395
2.825,-0.4
2.828,-0.42
2.831,-0.425
2.833,-0.435
2.836,-0.45
2.839,-0.455
2.842,-0.465
2.844,-0.45
2.847,-0.41
2.85,-0.265
2.853,-0.025
2.856,0.205
2.858,0.46
2.861,0.715
2.864,0.975
2.867,1.095
2.869,1.01
2.872,0.755
2.875,0.46
2.878,0.19
2.881,-0.05
2.883,-0.185
2.886,-0.225
2.889,-0.25
2.892,-0.28
2.894,-0.325
2.897,-0.35
2.9,-0.355
2.903,-0.35
2.906,-0.365
2.908,-0.385
2.911,-0.425
2.914,-0.445
2.917,-0.445
2.919,-0.455
2.922,-0.45
2.925,-0.455
2.928,-0.48
2.931,-0.495
2.933,-0.485
2.936,-0.475
2.939,-0.47
2.942,-0.47
2.944,-0.48
2.947,-0.505
2.95,-0.5
2.953,-0.49
2.956,-0.48
2.958,-0.495
2.961,-0.5
2.964,-0.49
2.967,-0.49
2.969,-0.475
2.972,-0.465
2.975,-0.475
2.978,-0.475
2.981,-0.485
2.983,-0.49
2.986,-0.48
2.989,-0.475
2.992,-0.465
2.994,-0.475
2.997,-0.49
3.0,-0.475
3.003,-0.465
3.006,-0.475
3.008,-0.485
3.011,-0.485
3.014,-0.485
3.017,-0.475
3.019,-0.47
3.022,-0.465
3.025,-0.475
3.028,-0.475
3.031,-0.48
3.033,-0.47
3.036,-0.475
3.039,-0.46
3.042,-0.46
3.044,-0.465
3.047,-0.485
3.05,-0.475
3.053,-0.47
3.056,-0.455
3.058,-0.465
3.061,-0.455
3.064,-0.46
3.067,-0.46
3.069,-0.455
3.072,-0.435
3.075,-0.435
3.078,-0.43
3.081,-0.435
3.083,-0.435
3.086,-0.415
3.089,-0.41
3.092,-0.4
3.094,-0.395
3.097,-0.41
3.1,-0.4
3.103,-0.38
3.106,-0.355
3.108,-0.355
3.111,-0.375
3.114,-0.355
3.117,-0.345
3.119,-0.32
3.122,-0.305
3.125,-0.29
3.128,-0.29
3.131,-0.28
3.133,-0.275
3.136,-0.255
3.139,-0.235
3.142,-0.235
3.144,-0.235
3.147,-0.245
3.15,-0.24
3.153,-0.21
3.156,-0.195
3.158,-0.18
3.161,-0.19
3.164,-0.195
3.167,-0.19
3.169,-0.185
3.172,-0.175
3.175,-0.17
3.178,-0.18
3.181,-0.185
3.183,-0.175
3.186,-0.19
3.189,-0.19
3.192,-0.195
3.194,-0.21
3.197,-0.235
3.2,-0.26
3.203,-0.255
3.206,-0.255
3.208,-0.27
3.211,-0.295
3.214,-0.32
3.217,-0.335
3.219,-0.345
3.222,-0.325
3.225,-0.33
3.228,-0.355
3.231,-0.37
3.233,-0.37
3.236,-0.375
3.239,-0.365
3.242,-0.375
3.244,-0.38
3.247,-0.39
3.25,-0.41
3.253,-0.405
3.256,-0.405
3.258,-0.395
3.261,-0.41
3.264,-0.42
3.267,-0.42
3.269,-0.41
3.272,-0.39
3.275,-0.395
3.278,-0.405
3.281,-0.415
3.283,-0.42
3.286,-0.415
3.289,-0.41
3.292,-0.415
3.294,-0.42
3.297,-0.425
3.3,-0.425
3.303,-0.425
3.306,-0.4
3.308,-0.405
3.311,-0.415
3.314,-0.425
3.317,-0.42
3.319,-0.42
3.322,-0.42
3.325,-0.43
3.328,-0.43
3.331,-0.43
3.333,-0.43
3.336,-0.405
3.339,-0.405
3.342,-0.405
3.344,-0.415
3.347,-0.43
3.35,-0.42
3.353,-0.415
3.356,-0.41
3.358,-0.4
3.361,-0.415
3.364,-0.415
3.367,-0.415
3.369,-0.41
3.372,-0.39
3.375,-0.39
3.378,-0.4
3.381,-0.41
3.383,-0.415
3.386,-0.395
3.389,-0.385
3.392,-0.39
3.394,-0.405
3.397,-0.395
3.4,-0.4
3.403,-0.385
3.406,-0.38
3.408,-0.39
3.411,-0.4
3.414,-0.415
3.417,-0.41
3.419,-0.4
3.422,-0.4
3.425,-0.41
3.428,-0.42
3.431,-0.405
3.433,-0.41
3.436,-0.4
3.439,-0.4
3.442,-0.395
3.444,-0.4
3.447,-0.415
3.45,-0.42
3.453,-0.415
3.456,-0.41
3.458,-0.42
3.461,-0.42
3.464,-0.42
3.467,-0.43
3.469,-0.415
3.472,-0.395
3.475,-0.4
3.478,-0.405
3.481,-0.42
3.483,-0.435
3.486,-0.425
3.489,-0.42
3.492,-0.415
3.494,-0.405
3.497,-0.41
3.5,-0.43
3.503,-0.43
3.506,-0.395
3.508,-0.41
3.511,-0.42
3.514,-0.425
3.517,-0.415
3.519,-0.405
3.522,-0.41
3.525,-0.405
3.528,-0.415
3.531,-0.415
3.533,-0.415
3.536,-0.405
3.539,-0.385
3.542,-0.41
3.544,-0.42
3.547,-0.43
3.55,-0.42
3.553,-0.41
3.556,-0.4
3.558,-0.405
3.561,-0.42
3.564,-0.42
3.567,-0.43
3.569,-0.415
3.572,-0.4
3.575,-0.41
3.578,-0.405
3.581,-0.405
3.583,-0.415
3.586,-0.4
3.589,-0.41
3.592,-0.41
3.594,-0.42
3.597,-0.41
3.6,-0.405
3.603,-0.39
3.606,-0.375
3.608,-0.375
3.611,-0.375
3.614,-0.375
3.617,-0.375
3.619,-0.365
3.622,-0.345
3.625,-0.345
3.628,-0.35
3.631,-0.375
3.633,-0.37
3.636,-0.335
3.639,-0.29
3.642,-0.27
3.644,-0.25
3.647,-0.235
3.65,-0.225
3.653,-0.225
3.656,-0.225
3.658,-0.245
3.661,-0.245
3.664,-0.26
3.667,-0.27
3.669,-0.275
3.672,-0.27
3.675,-0.275
3.678,-0.29
3.681,-0.31
3.683,-0.315
3.686,-0.32
3.689,-0.32
3.692,-0.33
3.694,-0.355
3.697,-0.38
3.7,-0.39
3.703,-0.395
3.706,-0.385
3.708,-0.4
3.711,-0.4
3.714,-0.42
3.717,-0.435
3.719,-0.425
3.722,-0.41
3.725,-0.42
3.728,-0.42
3.731,-0.43
3.733,-0.435
3.736,-0.43
3.739,-0.415
3.742,-0.425
3.744,-0.435
3.747,-0.44
3.75,-0.425
3.753,-0.43
3.756,-0.42
3.758,-0.41
3.761,-0.42
3.764,-0.43
3.767,-0.455
3.769,-0.46
3.772,-0.47
3.775,-0.49
3.778,-0.475
3.781,-0.415
3.783,-0.27
3.786,-0.045
3.789,0.18
3.792,0.43
3.794,0.72
3.797,0.98
3.8,1.1
3.803,1.04
3.806,0.79
3.808,0.48
3.811,0.175
3.814,-0.075
3.817,-0.23
3.819,-0.28
3.822,-0.305
3.825,-0.355
3.828,-0.38
3.831,-0.395
3.833,-0.395
3.836,-0.395
3.839,-0.4
3.842,-0.43
3.844,-0.455
3.847,-0.47
3.85,-0.485
3.853,-0.485
3.856,-0.485
3.858,-0.505
3.861,-0.51
3.864,-0.505
3.867,-0.515
3.869,-0.5
3.872,-0.49
3.875,-0.49
3.878,-0.495
3.881,-0.51
3.883,-0.525
3.886,-0.51
3.889,-0.49
3.892,-0.49
3.894,-0.485
3.897,-0.49
3.9,-0.505
3.903,-0.5
3.906,-0.485
3.908,-0.49
3.911,-0.49
3.914,-0.495
3.917,-0.485
3.919,-0.485
3.922,-0.485
3.925,-0.485
3.928,-0.49
3.931,-0.49
3.933,-0.485
3.936,-0.47
3.939,-0.47
3.942,-0.48
3.944,-0.475
3.947,-0.49
3.95,-0.49
3.953,-0.47
3.956,-0.455
3.958,-0.45
3.961,-0.455
3.964,-0.46
3.967,-0.47
3.969,-0.46
3.972,-0.455
3.975,-0.445
3.978,-0.465
3.981,-0.47
3.983,-0.46
3.986,-0.45
3.989,-0.43
3.992,-0.435
3.994,-0.425
3.997,-0.43
4.0,-0.435
4.003,-0.43
4.006,-0.42
4.008,-0.42
4.011,-0.42
4.014,-0.425
4.017,-0.41
4.019,-0.39
4.022,-0.375
4.025,-0.38
4.028,-0.37
4.031,-0.37
4.033,-0.38
4.036,-0.37
4.039,-0.355
4.042,-0.345
4.044,-0.355
4.047,-0.345
4.05,-0.34
4.053,-0.315
4.056,-0.3
4.058,-0.295
4.061,-0.28
4.064,-0.28
4.067,-0.27
4.069,-0.25
4.072,-0.245
4.075,-0.245
4.078,-0.235
4.081,-0.23
4.083,-0.235
4.086,-0.225
4.089,-0.205
4.092,-0.195
4.094,-0.195
4.097,-0.195
4.1,-0.2
4.103,-0.18
4.106,-0.17
4.108,-0.17
4.111,-0.17
4.114,-0.185
4.117,-0.185
4.119,-0.175
4.122,-0.165
4.125,-0.165
4.128,-0.18
4.131,-0.18
4.133,-0.185
4.136,-0.195
4.139,-0.205
4.142,-0.23
4.144,-0.24
4.147,-0.245
4.15,-0.265
4.153,-0.27
4.156,-0.27
4.158,-0.285
4.161,-0.305
4.164,-0.315
4.167,-0.315
4.169,-0.315
4.172,-0.31
4.175,-0.315
4.178,-0.32
4.181,-0.335
4.183,-0.34
4.186,-0.34
4.189,-0.335
4.192,-0.34
4.194,-0.345
4.197,-0.36
4.2,-0.365
4.203,-0.355
4.206,-0.35
4.208,-0.345
4.211,-0.36
4.214,-0.375
4.217,-0.37
4.219,-0.37
4.222,-0.365
4.225,-0.36
4.228,-0.365
4.231,-0.375
4.233,-0.365
4.236,-0.35
4.239,-0.33
4.242,-0.345
4.244,-0.35
4.247,-0.35
4.25,-0.35
4.253,-0.345
4.256,-0.33
4.258,-0.335
4.261,-0.34
4.264,-0.355
4.267,-0.365
4.269,-0.34
4.272,-0.33
4.275,-0.335
4.278,-0.34
4.281,-0.345
4.283,-0.345
4.286,-0.34
4.289,-0.32
4.292,-0.33
4.294,-0.34
4.297,-0.33
4.3,-0.335
4.303,-0.335
4.306,-0.33
4.308,-0.335
4.311,-0.335
4.314,-0.335
4.317,-0.335
4.319,-0.325
4.322,-0.31
4.325,-0.315
4.328,-0.325
4.331,-0.32
4.333,-0.335
4.336,-0.32
4.339,-0.31
4.342,-0.315
4.344,-0.32
4.347,-0.32
4.35,-0.32
4.353,-0.32
4.356,-0.31
4.358,-0.32
4.361,-0.32
4.364,-0.33
4.367,-0.34
4.369,-0.32
4.372,-0.31
4.375,-0.31
4.378,-0.325
4.381,-0.335
4.383,-0.335
4.386,-0.315
4.389,-0.315
4.392,-0.33
4.394,-0.33
4.397,-0.33
4.4,-0.33
4.403,-0.33
4.406,-0.31
4.408,-0.32
4.411,-0.33
4.414,-0.33
4.417,-0.33
4.419,-0.325
4.422,-0.315
4.425,-0.32
4.428,-0.325
4.431,-0.33
4.433,-0.335
4.436,-0.325
4.439,-0.305
4.442,-0.315
4.444,-0.32
4.447,-0.33
4.45,-0.33
4.453,-0.315
4.456,-0.315
4.458,-0.31
4.461,-0.325
4.464,-0.325
4.467,-0.325
4.469,-0.315
4.472,-0.31
4.475,-0.315
4.478,-0.32
4.481,-0.325
4.483,-0.32
4.486,-0.315
4.489,-0.315
4.492,-0.31
4.494,-0.325
4.497,-0.33
4.5,-0.325
4.503,-0.325
4.506,-0.31
4.508,-0.3
4.511,-0.32
4.514,-0.32
4.517,-0.33
4.519,-0.325
4.522,-0.31
4.525,-0.32
4.528,-0.315
4.531,-0.315
4.533,-0.32
4.536,-0.325
4.539,-0.31
4.542,-0.305
4.544,-0.31
4.547,-0.32
4.55,-0.33
4.553,-0.315
4.556,-0.295
4.558,-0.29
4.561,-0.29
4.564,-0.31
4.567,-0.3
4.569,-0.285
4.572,-0.28
4.575,-0.28
4.578,-0.275
4.581,-0.285
4.583,-0.275
4.586,-0.25
4.589,-0.22
4.592,-0.2
4.594,-0.2
4.597,-0.18
4.6,-0.155
4.603,-0.13
4.606,-0.125
4.608,-0.13
4.611,-0.165
4.614,-0.18
4.617,-0.19
4.619,-0.195
4.622,-0.19
4.625,-0.2
4.628,-0.215
4.631,-0.22
4.633,-0.225
4.636,-0.23
4.639,-0.215
4.642,-0.235
4.644,-0.255
4.647,-0.26
4.65,-0.285
4.653,-0.295
4.656,-0.31
4.658,-0.31
4.661,-0.325
4.664,-0.335
4.667,-0.355
4.669,-0.35
4.672,-0.35
4.675,-0.36
4.678,-0.36
4.681,-0.37
4.683,-0.375
4.686,-0.36
4.689,-0.35
4.692,-0.35
4.694,-0.37
4.697,-0.385
4.7,-0.385
4.703,-0.375
4.706,-0.36
4.708,-0.37
4.711,-0.37
4.714,-0.37
4.717,-0.375
4.719,-0.39
4.722,-0.385
4.725,-0.405
4.728,-0.43
4.731,-0.43
4.733,-0.415
4.736,-0.3
4.739,-0.135
4.742,0.075
4.744,0.275
4.747,0.515
4.75,0.785
4.753,0.975
4.756,1.0
4.758,0.82
4.761,0.53
4.764,0.265
4.767,0.0
4.769,-0.2
4.772,-0.27
4.775,-0.3
4.778,-0.335
4.781,-0.37
4.783,-0.37
4.786,-0.36
4.789,-0.365
4.792,-0.39
4.794,-0.415
4.797,-0.455
4.8,-0.48
4.803,-0.47
4.806,-0.465
4.808,-0.48
4.811,-0.475
4.814,-0.5
4.817,-0.495
4.819,-0.485
4.822,-0.49
4.825,-0.49
4.828,-0.5
4.831,-0.515
4.833,-0.515
4.836,-0.5
4.839,-0.485
4.842,-0.485
4.844,-0.49
4.847,-0.51
4.85,-0.52
4.853,-0.52
4.856,-0.51
4.858,-0.495
4.861,-0.49
4.864,-0.5
4.867,-0.5
4.869,-0.515
4.872,-0.515
4.875,-0.52
4.878,-0.52
4.881,-0.52
4.883,-0.525
4.886,-0.505
4.889,-0.5
4.892,-0.49
4.894,-0.515
4.897,-0.515
4.9,-0.535
4.903,-0.51
4.906,-0.515
4.908,-0.515
4.911,-0.54
4.914,-0.545
4.917,-0.52
4.919,-0.51
4.922,-0.485
4.925,-0.485
4.928,-0.495
4.931,-0.51
4.933,-0.525
4.936,-0.51
4.939,-0.5
4.942,-0.495
4.944,-0.51
4.947,-0.505
4.95,-0.5
4.953,-0.475
4.956,-0.49
4.958,-0.48
4.961,-0.485
4.964,-0.495
4.967,-0.495
4.969,-0.495
4.972,-0.495
4.975,-0.49
4.978,-0.495
4.981,-0.485
4.983,-0.47
4.986,-0.45
4.989,-0.44
4.992,-0.44
4.994,-0.45
4.997,-0.465
5.0,-0.455
5.003,-0.445
5.006,-0.415
5.008,-0.42
5.011,-0.41
5.014,-0.415
5.017,-0.41
5.019,-0.395
5.022,-0.37
5.025,-0.365
5.028,-0.355
5.031,-0.36
5.033,-0.37
5.036,-0.355
5.039,-0.32
5.042,-0.305
5.044,-0.32
5.047,-0.325
5.05,-0.33
5.053,-0.315
5.056,-0.295
5.058,-0.3
5.061,-0.28
5.064,-0.285
5.067,-0.28
5.069,-0.275
5.072,-0.265
5.075,-0.265
5.078,-0.27
5.081,-0.28
5.083,-0.29
5.086,-0.295
5.089,-0.295
5.092,-0.305
5.094,-0.32
5.097,-0.32
5.1,-0.335
5.103,-0.33
5.106,-0.335
5.108,-0.36
5.111,-0.355
5.114,-0.365
5.117,-0.38
5.119,-0.405
5.122,-0.405
5.125,-0.415
5.128,-0.44
5.131,-0.435
5.133,-0.445
5.136,-0.44
5.139,-0.42
5.142,-0.425
5.144,-0.445
5.147,-0.45
5.15,-0.46
5.153,-0.445
5.156,-0.45
5.158,-0.455
5.161,-0.465
5.164,-0.47
5.167,-0.465
5.169,-0.44
5.172,-0.44
5.175,-0.46
5.178,-0.465
5.181,-0.465
5.183,-0.455
5.186,-0.455
5.189,-0.48
5.192,-0.49
5.194,-0.48
5.197,-0.48
5.2,-0.505
5.203,-0.485
5.206,-0.46
5.208,-0.455
5.211,-0.465
5.214,-0.48
5.217,-0.49
5.219,-0.465
5.222,-0.435
5.225,-0.43
5.228,-0.455
5.231,-0.485
5.233,-0.49
5.236,-0.46
5.239,-0.445
5.242,-0.45
5.244,-0.47
5.247,-0.485
5.25,-0.47
5.253,-0.45
5.256,-0.445
5.258,-0.44
5.261,-0.425
5.264,-0.46
5.267,-0.46
5.269,-0.455
5.272,-0.455
5.275,-0.455
5.278,-0.45
5.281,-0.46
5.283,-0.455
5.286,-0.44
5.289,-0.43
5.292,-0.43
5.294,-0.445
5.297,-0.45
5.3,-0.45
5.303,-0.445
5.306,-0.445
5.308,-0.46
5.311,-0.47
5.314,-0.46
5.317,-0.465
5.319,-0.45
5.322,-0.445
5.325,-0.43
5.328,-0.445
5.331,-0.46
5.333,-0.46
5.336,-0.435
5.339,-0.44
5.342,-0.43
5.344,-0.425
5.347,-0.445
5.35,-0.455
5.353,-0.465
5.356,-0.465
5.358,-0.47
5.361,-0.46
5.364,-0.455
5.367,-0.445
5.369,-0.445
5.372,-0.455
5.375,-0.45
5.378,-0.445
5.381,-0.45
5.383,-0.47
5.386,-0.48
5.389,-0.455
5.392,-0.435
5.394,-0.44
5.397,-0.45
5.4,-0.47
5.403,-0.465
5.406,-0.445
5.408,-0.445
5.411,-0.465
5.414,-0.47
5.417,-0.465
5.419,-0.465
5.422,-0.465
5.425,-0.475
5.428,-0.48
5.431,-0.48
5.433,-0.475
5.436,-0.475
5.439,-0.455
5.442,-0.46
5.444,-0.47
5.447,-0.48
5.45,-0.48
5.453,-0.46
5.456,-0.46
5.458,-0.46
5.461,-0.46
5.464,-0.46
5.467,-0.47
5.469,-0.45
5.472,-0.44
5.475,-0.42
5.478,-0.415
5.481,-0.425
5.483,-0.425
5.486,-0.42
5.489,-0.405
5.492,-0.39
5.494,-0.4
5.497,-0.415
5.5,-0.4
5.503,-0.365
5.506,-0.32
5.508,-0.29
5.511,-0.305
5.514,-0.345
5.517,-0.385
5.519,-0.345
5.522,-0.34
5.525,-0.325
5.528,-0.35
5.531,-0.38
5.533,-0.4
5.536,-0.39
5.539,-0.38
5.542,-0.4
5.544,-0.405
5.547,-0.43
5.55,-0.45
5.553,-0.455
5.556,-0.45
5.558,-0.46
5.561,-0.47
5.564,-0.475
5.567,-0.49
5.569,-0.475
5.572,-0.47
5.575,-0.465
5.578,-0.465
5.581,-0.475
5.583,-0.47
5.586,-0.455
5.589,-0.46
5.592,-0.505
5.594,-0.55
5.597,-0.55
5.6,-0.535
5.603,-0.5
5.606,-0.465
5.608,-0.45
5.611,-0.475
5.614,-0.51
5.617,-0.535
5.619,-0.545
5.622,-0.52
5.625,-0.525
5.628,-0.525
5.631,-0.54
5.633,-0.535
5.636,-0.46
5.639,-0.31
5.642,-0.08
5.644,0.185
5.647,0.475
5.65,0.78
5.653,1.025
5.656,1.065
5.658,0.85
5.661,0.515
5.664,0.205
5.667,-0.095
5.669,-0.29
5.672,-0.38
5.675,-0.405
5.678,-0.465
5.681,-0.485
5.683,-0.505
5.686,-0.505
5.689,-0.505
5.692,-0.505
5.694,-0.54
5.697,-0.565
5.7,-0.59
5.703,-0.575
5.706,-0.555
5.708,-0.555
5.711,-0.56
5.714,-0.565
5.717,-0.585
5.719,-0.575
5.722,-0.565
5.725,-0.57
5.728,-0.56
5.731,-0.565
5.733,-0.57
5.736,-0.57
5.739,-0.56
5.742,-0.55
5.744,-0.57
5.747,-0.56
5.75,-0.58
5.753,-0.57
5.756,-0.575
5.758,-0.565
5.761,-0.575
5.764,-0.57
5.767,-0.57
5.769,-0.58
5.772,-0.57
5.775,-0.56
5.778,-0.565
5.781,-0.56
5.783,-0.565
5.786,-0.555
5.789,-0.555
5.792,-0.565
5.794,-0.555
5.797,-0.56
5.8,-0.575
5.803,-0.565
5.806,-0.55
5.808,-0.54
5.811,-0.53
5.814,-0.54
5.817,-0.57
5.819,-0.57
5.822,-0.565
5.825,-0.565
5.828,-0.555
5.831,-0.555
5.833,-0.555
5.836,-0.53
5.839,-0.52
5.842,-0.525
5.844,-0.525
5.847,-0.535
5.85,-0.53
5.853,-0.52
5.856,-0.5
5.858,-0.5
5.861,-0.515
5.864,-0.525
5.867,-0.525
5.869,-0.49
5.872,-0.475
5.875,-0.465
5.878,-0.48
5.881,-0.47
5.883,-0.47
5.886,-0.45
5.889,-0.445
5.892,-0.44
5.894,-0.435
5.897,-0.445
5.9,-0.445
5.903,-0.435
5.906,-0.435
5.908,-0.42
5.911,-0.395
5.914,-0.38
5.917,-0.355
5.919,-0.34
5.922,-0.33
5.925,-0.345
5.928,-0.34
5.931,-0.345
5.933,-0.345
5.936,-0.33
5.939,-0.31
5.942,-0.305
5.944,-0.295
5.947,-0.3
5.95,-0.315
5.953,-0.305
5.956,-0.28
5.958,-0.295
5.961,-0.3
5.964,-0.305
5.967,-0.31
5.969,-0.315
5.972,-0.325
5.975,-0.32
5.978,-0.32
5.981,-0.35
5.983,-0.36
5.986,-0.37
5.989,-0.37
5.992,-0.37
5.994,-0.385
5.997,-0.405
6.0,-0.41
6.003,-0.405
6.006,-0.41
6.008,-0.415
6.011,-0.435
6.014,-0.445
6.017,-0.47
6.019,-0.445
6.022,-0.445
6.025,-0.425
6.028,-0.455
6.031,-0.46
6.033,-0.465
6.036,-0.465
6.039,-0.465
6.042,-0.465
6.044,-0.455
6.047,-0.45
6.05,-0.46
6.053,-0.45
6.056,-0.445
6.058,-0.455
6.061,-0.465
6.064,-0.46
6.067,-0.465
6.069,-0.445
6.072,-0.43
6.075,-0.425
6.078,-0.445
6.081,-0.44
6.083,-0.45
6.086,-0.455
6.089,-0.435
6.092,-0.43
6.094,-0.43
6.097,-0.455
6.1,-0.465
6.103,-0.44
6.106,-0.425
6.108,-0.42
6.111,-0.44
6.114,-0.45
6.117,-0.435
6.119,-0.42
6.122,-0.4
6.125,-0.4
6.128,-0.41
6.131,-0.425
6.133,-0.425
6.136,-0.415
6.139,-0.415
6.142,-0.425
6.144,-0.415
6.147,-0.415
6.15,-0.415
6.153,-0.4
6.156,-0.4
6.158,-0.41
6.161,-0.425
6.164,-0.425
6.167,-0.42
6.169,-0.41
6.172,-0.4
6.175,-0.41
6.178,-0.425
6.181,-0.435
6.183,-0.44
6.186,-0.39
6.189,-0.385
6.192,-0.37
6.194,-0.36
6.197,-0.35
6.2,-0.355
6.203,-0.39
6.206,-0.41
6.208,-0.45
6.211,-0.46
6.214,-0.465
6.217,-0.465
6.219,-0.44
6.222,-0.39
6.225,-0.355
6.228,-0.305
6.231,-0.315
6.233,-0.37
6.236,-0.425
6.239,-0.435
6.242,-0.435
6.244,-0.42
6.247,-0.39
6.25,-0.37
6.253,-0.365
6.256,-0.35
6.258,-0.375
6.261,-0.39
6.264,-0.425
6.267,-0.42
6.269,-0.41
6.272,-0.405
6.275,-0.395
6.278,-0.395
6.281,-0.385
6.283,-0.39
6.286,-0.385
6.289,-0.38
6.292,-0.375
6.294,-0.365
6.297,-0.36
6.3,-0.355
6.303,-0.355
6.306,-0.35
6.308,-0.37
6.311,-0.375
6.314,-0.38
6.317,-0.385
6.319,-0.37
6.322,-0.355
6.325,-0.365
6.328,-0.37
6.331,-0.38
6.333,-0.38
6.336,-0.365
6.339,-0.34
6.342,-0.33
6.344,-0.335
6.347,-0.345
6.35,-0.35
6.353,-0.355
6.356,-0.325
6.358,-0.31
6.361,-0.32
6.364,-0.33
6.367,-0.32
6.369,-0.29
6.372,-0.255
6.375,-0.23
6.378,-0.19
6.381,-0.175
6.383,-0.185
6.386,-0.18
6.389,-0.2
6.392,-0.205
6.394,-0.22
6.397,-0.23
6.4,-0.235
6.403,-0.245
6.406,-0.25
6.408,-0.25
6.411,-0.255
6.414,-0.25
6.417,-0.25
6.419,-0.24
6.422,-0.255
6.425,-0.27
6.428,-0.275
6.431,-0.275
6.433,-0.285
6.436,-0.28
6.439,-0.305
6.442,-0.345
6.444,-0.365
6.447,-0.355
6.45,-0.365
6.453,-0.37
6.456,-0.355
6.458,-0.375
6.461,-0.365
6.464,-0.385
6.467,-0.38
6.469,-0.375
6.472,-0.36
6.475,-0.37
6.478,-0.375
6.481,-0.385
6.483,-0.375
6.486,-0.365
6.489,-0.345
6.492,-0.365
6.494,-0.385
6.497,-0.42
6.5,-0.44
6.503,-0.45
6.506,-0.38
6.508,-0.22
6.511,0.01
6.514,0.32
6.517,0.695
6.519,1.095
6.522,1.365
6.525,1.375
6.528,1.13
6.531,0.75
6.533,0.39
6.536,0.12
6.539,-0.015
6.542,-0.065
6.544,-0.1
6.547,-0.17
6.55,-0.2
6.553,-0.225
6.556,-0.235
6.558,-0.27
6.561,-0.305
6.564,-0.355
6.567,-0.375
6.569,-0.38
6.572,-0.395
6.575,-0.38
6.578,-0.395
6.581,-0.405
6.583,-0.425
6.586,-0.415
6.589,-0.41
6.592,-0.405
6.594,-0.4
6.597,-0.42
6.6,-0.43
6.603,-0.415
6.606,-0.415
6.608,-0.425
6.611,-0.435
6.614,-0.425
6.617,-0.43
6.619,-0.42
6.622,-0.41
6.625,-0.405
6.628,-0.415
6.631,-0.415
6.633,-0.425
6.636,-0.41
6.639,-0.4
6.642,-0.39
6.644,-0.405
6.647,-0.415
6.65,-0.42
6.653,-0.41
6.656,-0.39
6.658,-0.39
6.661,-0.395
6.664,-0.415
6.667,-0.42
6.669,-0.4
6.672,-0.395
6.675,-0.41
6.678,-0.42
6.681,-0.42
6.683,-0.415
6.686,-0.415
6.689,-0.39
6.692,-0.395
6.694,-0.39
6.697,-0.395
6.7,-0.39
6.703,-0.395
6.706,-0.39
6.708,-0.385
6.711,-0.385
6.714,-0.395
6.717,-0.385
6.719,-0.375
6.722,-0.36
6.725,-0.375
6.728,-0.37
6.731,-0.36
6.733,-0.355
6.736,-0.33
6.739,-0.32
6.742,-0.315
6.744,-0.32
6.747,-0.325
6.75,-0.32
6.753,-0.28
6.756,-0.26
6.758,-0.255
6.761,-0.26
6.764,-0.265
6.767,-0.26
6.769,-0.23
6.772,-0.205
6.775,-0.19
6.778,-0.19
6.781,-0.19
6.783,-0.185
6.786,-0.155
6.789,-0.135
6.792,-0.115
6.794,-0.125
6.797,-0.125
6.8,-0.11
6.803,-0.11
6.806,-0.105
6.808,-0.09
6.811,-0.09
6.814,-0.08
6.817,-0.08
6.819,-0.09
6.822,-0.065
6.825,-0.09
6.828,-0.09
6.831,-0.09
6.833,-0.1
6.836,-0.11
6.839,-0.125
6.842,-0.13
6.844,-0.145
6.847,-0.165
6.85,-0.19
6.853,-0.195
6.856,-0.2
6.858,-0.21
6.861,-0.23
6.864,-0.245
6.867,-0.26
6.869,-0.27
6.872,-0.265
6.875,-0.27
6.878,-0.28
6.881,-0.295
6.883,-0.325
6.886,-0.315
6.889,-0.31
6.892,-0.3
6.894,-0.29
6.897,-0.31
6.9,-0.32
6.903,-0.32
6.906,-0.305
6.908,-0.31
6.911,-0.33
6.914,-0.345
6.917,-0.355
6.919,-0.34
6.922,-0.33
6.925,-0.335
6.928,-0.325
6.931,-0.325
6.933,-0.33
6.936,-0.33
6.939,-0.32
6.942,-0.325
6.944,-0.33
6.947,-0.335
6.95,-0.335
6.953,-0.33
6.956,-0.315
6.958,-0.325
6.961,-0.32
6.964,-0.315
6.967,-0.325
6.969,-0.31
6.972,-0.315
6.975,-0.31
6.978,-0.295
6.981,-0.305
6.983,-0.315
6.986,-0.325
6.989,-0.31
6.992,-0.31
6.994,-0.305
6.997,-0.295
7.0,-0.31
7.003,-0.305
7.006,-0.295
7.008,-0.285
7.011,-0.285
7.014,-0.285
7.017,-0.3
7.019,-0.31
7.022,-0.3
7.025,-0.295
7.028,-0.28
7.031,-0.31
7.033,-0.31
7.036,-0.295
7.039,-0.275
7.042,-0.275
7.044,-0.29
7.047,-0.3
7.05,-0.31
7.053,-0.3
7.056,-0.275
7.058,-0.28
7.061,-0.285
7.064,-0.3
7.067,-0.31
7.069,-0.3
7.072,-0.28
7.075,-0.285
7.078,-0.3
7.081,-0.305
7.083,-0.31
7.086,-0.3
7.089,-0.295
7.092,-0.29
7.094,-0.285
7.097,-0.295
7.1,-0.295
7.103,-0.275
7.106,-0.28
7.108,-0.28
7.111,-0.3
7.114,-0.305
7.117,-0.3
7.119,-0.29
7.122,-0.285
7.125,-0.28
7.128,-0.285
7.131,-0.29
7.133,-0.3
7.136,-0.29
7.139,-0.295
7.142,-0.29
7.144,-0.29
7.147,-0.295
7.15,-0.3
7.153,-0.3
7.156,-0.295
7.158,-0.29
7.161,-0.295
7.164,-0.29
7.167,-0.31
7.169,-0.3
7.172,-0.29
7.175,-0.285
7.178,-0.285
7.181,-0.305
7.183,-0.3
7.186,-0.3
7.189,-0.295
7.192,-0.28
7.194,-0.285
7.197,-0.305
7.2,-0.3
7.203,-0.295
7.206,-0.27
7.208,-0.26
7.211,-0.26
7.214,-0.27
7.217,-0.285
7.219,-0.265
7.222,-0.25
7.225,-0.245
7.228,-0.255
7.231,-0.27
7.233,-0.27
7.236,-0.25
7.239,-0.23
7.242,-0.19
7.244,-0.15
7.247,-0.135
7.25,-0.135
7.253,-0.155
7.256,-0.15
7.258,-0.15
7.261,-0.15
7.264,-0.16
7.267,-0.185
7.269,-0.21
7.272,-0.205
7.275,-0.205
7.278,-0.215
7.281,-0.225
7.283,-0.23
7.286,-0.22
7.289,-0.21
7.292,-0.23
7.294,-0.25
7.297,-0.29
7.3,-0.3
7.303,-0.295
7.306,-0.305
7.308,-0.305
7.311,-0.33
7.314,-0.335
7.317,-0.335
7.319,-0.34
7.322,-0.335
7.325,-0.33
7.328,-0.32
7.331,-0.315
7.333,-0.34
7.336,-0.34
7.339,-0.315
7.342,-0.315
7.344,-0.335
7.347,-0.345
7.35,-0.35
7.353,-0.35
7.356,-0.335
7.358,-0.335
7.361,-0.33
7.364,-0.345
7.367,-0.355
7.369,-0.355
7.372,-0.365
7.375,-0.335
7.378,-0.205
7.381,0.015
7.383,0.32
7.386,0.695
7.389,1.075
7.392,1.325
7.394,1.305
7.397,1.045
7.4,0.69
7.403,0.36
7.406,0.105
7.408,-0.02
7.411,-0.055
7.414,-0.095
7.417,-0.145
7.419,-0.185
7.422,-0.205
7.425,-0.21
7.428,-0.235
7.431,-0.27
7.433,-0.285
7.436,-0.29
7.439,-0.3
7.442,-0.305
7.444,-0.32
7.447,-0.315
7.45,-0.305
7.453,-0.31
7.456,-0.36
7.458,-0.425
7.461,-0.47
7.464,-0.495
7.467,-0.495
7.469,-0.475
7.472,-0.455
7.475,-0.45
7.478,-0.45
7.481,-0.455
7.483,-0.45
7.486,-0.445
7.489,-0.425
7.492,-0.42
7.494,-0.42
7.497,-0.42
7.5,-0.42
7.503,-0.415
7.506,-0.415
7.508,-0.405
7.511,-0.415
7.514,-0.435
7.517,-0.435
7.519,-0.41
7.522,-0.4
7.525,-0.41
7.528,-0.41
7.531,-0.42
7.533,-0.415
7.536,-0.41
7.539,-0.415
7.542,-0.415
7.544,-0.42
7.547,-0.42
7.55,-0.435
7.553,-0.435
7.556,-0.43
7.558,-0.44
7.561,-0.435
7.564,-0.43
7.567,-0.43
7.569,-0.42
7.572,-0.405
7.575,-0.4
7.578,-0.42
7.581,-0.435
7.583,-0.445
7.586,-0.415
7.589,-0.405
7.592,-0.41
7.594,-0.415
7.597,-0.42
7.6,-0.435
7.603,-0.41
7.606,-0.4
7.608,-0.39
7.611,-0.39
7.614,-0.405
7.617,-0.395
7.619,-0.37
7.622,-0.365
7.625,-0.36
7.628,-0.36
7.631,-0.36
7.633,-0.33
7.636,-0.32
7.639,-0.315
7.642,-0.325
7.644,-0.33
7.647,-0.32
7.65,-0.32
7.653,-0.28
7.656,-0.25
7.658,-0.235
7.661,-0.21
7.664,-0.21
7.667,-0.225
7.669,-0.19
7.672,-0.165
7.675,-0.17
7.678,-0.18
7.681,-0.195
7.683,-0.21
7.686,-0.2
7.689,-0.175
7.692,-0.16
7.694,-0.175
7.697,-0.175
7.7,-0.18
7.703,-0.17
7.706,-0.165
7.708,-0.16
7.711,-0.175
7.714,-0.19
7.717,-0.195
7.719,-0.19
7.722,-0.22
7.725,-0.255
7.728,-0.3
7.731,-0.34
7.733,-0.335
7.736,-0.32
7.739,-0.315
7.742,-0.335
7.744,-0.345
7.747,-0.35
7.75,-0.35
7.753,-0.36
7.756,-0.365
7.758,-0.365
7.761,-0.365
7.764,-0.355
7.767,-0.37
7.769,-0.37
7.772,-0.365
7.775,-0.365
7.778,-0.375
7.781,-0.385
7.783,-0.385
7.786,-0.37
7.789,-0.38
7.792,-0.39
7.794,-0.405
7.797,-0.4
7.8,-0.405
7.803,-0.405
7.806,-0.385
7.808,-0.375
7.811,-0.385
7.814,-0.395
7.817,-0.415
7.819,-0.395
7.822,-0.375
7.825,-0.365
7.828,-0.37
7.831,-0.395
7.833,-0.39
7.836,-0.395
7.839,-0.38
7.842,-0.375
7.844,-0.37
7.847,-0.39
7.85,-0.405
7.853,-0.385
7.856,-0.37
7.858,-0.36
7.861,-0.36
7.864,-0.37
7.867,-0.375
7.869,-0.385
7.872,-0.365
7.875,-0.36
7.878,-0.36
7.881,-0.355
7.883,-0.355
7.886,-0.345
7.889,-0.345
7.892,-0.34
7.894,-0.34
7.897,-0.355
7.9,-0.37
7.903,-0.36
7.906,-0.355
7.908,-0.35
7.911,-0.335
7.914,-0.34
7.917,-0.335
7.919,-0.335
7.922,-0.34
7.925,-0.34
7.928,-0.365
7.931,-0.35
7.933,-0.335
7.936,-0.335
7.939,-0.325
7.942,-0.34
7.944,-0.355
7.947,-0.375
7.95,-0.375
7.953,-0.345
7.956,-0.325
7.958,-0.325
7.961,-0.34
7.964,-0.365
7.967,-0.37
7.969,-0.375
7.972,-0.355
7.975,-0.365
7.978,-0.37
7.981,-0.395
7.983,-0.385
7.986,-0.36
7.989,-0.345
7.992,-0.325
7.994,-0.315
7.997,-0.31
8.0,-0.305
8.003,-0.255
8.006,-0.21
8.008,-0.23
8.011,-0.29
8.014,-0.36
8.017,-0.405
8.019,-0.44
8.022,-0.455
8.025,-0.44
8.028,-0.42
8.031,-0.4
8.033,-0.385
8.036,-0.36
8.039,-0.33
8.042,-0.295
8.044,-0.3
8.047,-0.345
8.05,-0.4
8.053,-0.41
8.056,-0.38
8.058,-0.365
8.061,-0.37
8.064,-0.375
8.067,-0.38
8.069,-0.35
8.072,-0.34
8.075,-0.34
8.078,-0.33
8.081,-0.33
8.083,-0.33
8.086,-0.32
8.089,-0.32
8.092,-0.325
8.094,-0.34
8.097,-0.34
8.1,-0.315
8.103,-0.295
8.106,-0.25
8.108,-0.205
8.111,-0.175
8.114,-0.195
8.117,-0.215
8.119,-0.215
8.122,-0.215
8.125,-0.215
8.128,-0.22
8.131,-0.235
8.133,-0.25
8.136,-0.25
8.139,-0.25
8.142,-0.245
8.144,-0.25
8.147,-0.265
8.15,-0.285
8.153,-0.295
8.156,-0.305
8.158,-0.31
8.161,-0.345
8.164,-0.37
8.167,-0.375
8.169,-0.365
8.172,-0.355
8.175,-0.35
8.178,-0.35
8.181,-0.36
8.183,-0.38
8.186,-0.37
8.189,-0.36
8.192,-0.36
8.194,-0.365
8.197,-0.375
8.2,-0.39
8.203,-0.39
8.206,-0.365
8.208,-0.355
8.211,-0.36
8.214,-0.38
8.217,-0.38
8.219,-0.38
8.222,-0.385
8.225,-0.395
8.228,-0.41
8.231,-0.445
8.233,-0.44
8.236,-0.365
8.239,-0.175
8.242,0.08
8.244,0.35
8.247,0.655
8.25,0.975
8.253,1.21
8.256,1.22
8.258,0.995
8.261,0.67
8.264,0.335
8.267,0.045
8.269,-0.105
8.272,-0.125
8.275,-0.165
8.278,-0.22
8.281,-0.24
8.283,-0.27
8.286,-0.295
8.289,-0.33
8.292,-0.36
8.294,-0.385
8.297,-0.4
8.3,-0.405
8.303,-0.405
8.306,-0.41
8.308,-0.425
8.311,-0.45
8.314,-0.48
8.317,-0.485
8.319,-0.465
8.322,-0.45
8.325,-0.445
8.328,-0.435
8.331,-0.435
8.333,-0.445
8.336,-0.44
8.339,-0.44
8.342,-0.46
8.344,-0.465
8.347,-0.475
8.35,-0.475
8.353,-0.47
8.356,-0.45
8.358,-0.45
8.361,-0.45
8.364,-0.45
8.367,-0.45
8.369,-0.435
8.372,-0.43
8.375,-0.445
8.378,-0.455
8.381,-0.465
8.383,-0.475
8.386,-0.465
8.389,-0.455
8.392,-0.46
8.394,-0.455
8.397,-0.475
8.4,-0.475
8.403,-0.47
8.406,-0.45
8.408,-0.435
8.411,-0.44
8.414,-0.44
8.417,-0.455
8.419,-0.45
8.422,-0.44
8.425,-0.415
8.428,-0.43
8.431,-0.44
8.433,-0.445
8.436,-0.435
8.439,-0.425
8.442,-0.42
8.444,-0.415
8.447,-0.425
8.45,-0.425
8.453,-0.42
8.456,-0.41
8.458,-0.405
8.461,-0.405
8.464,-0.405
8.467,-0.405
8.469,-0.395
8.472,-0.38
8.475,-0.37
8.478,-0.36
8.481,-0.37
8.483,-0.37
8.486,-0.355
8.489,-0.33
8.492,-0.315
8.494,-0.32
8.497,-0.32
8.5,-0.325
8.503,-0.31
8.506,-0.295
8.508,-0.29
8.511,-0.285
8.514,-0.285
8.517,-0.29
8.519,-0.275
8.522,-0.255
8.525,-0.24
8.528,-0.22
8.531,-0.215
8.533,-0.215
8.536,-0.19
8.539,-0.175
8.542,-0.175
8.544,-0.195
8.547,-0.2
8.55,-0.195
8.553,-0.155
8.556,-0.13
8.558,-0.12
8.561,-0.11
8.564,-0.11
8.567,-0.11
8.569,-0.105
8.572,-0.125
8.575,-0.145
8.578,-0.16
8.581,-0.18
8.583,-0.185
8.586,-0.185
8.589,-0.175
8.592,-0.165
8.594,-0.17
8.597,-0.205
8.6,-0.245
8.603,-0.26
8.606,-0.27
8.608,-0.27
8.611,-0.28
8.614,-0.285
8.617,-0.3
8.619,-0.295
8.622,-0.3
8.625,-0.3
8.628,-0.315
8.631,-0.32
8.633,-0.33
8.636,-0.305
8.639,-0.3
8.642,-0.32
8.644,-0.32
8.647,-0.315
8.65,-0.33
8.653,-0.32
8.656,-0.31
8.658,-0.32
8.661,-0.33
8.664,-0.34
8.667,-0.335
8.669,-0.33
8.672,-0.315
8.675,-0.31
8.678,-0.31
8.681,-0.33
8.683,-0.335
8.686,-0.325
8.689,-0.32
8.692,-0.305
8.694,-0.33
8.697,-0.33
8.7,-0.33
8.703,-0.315
8.706,-0.295
8.708,-0.29
8.711,-0.3
8.714,-0.3
8.717,-0.325
8.719,-0.3
8.722,-0.295
8.725,-0.285
8.728,-0.3
8.731,-0.305
8.733,-0.295
8.736,-0.295
8.739,-0.28
8.742,-0.265
8.744,-0.275
8.747,-0.3
8.75,-0.305
8.753,-0.315
8.756,-0.315
8.758,-0.3
8.761,-0.31
8.764,-0.305
8.767,-0.29
8.769,-0.28
8.772,-0.265
8.775,-0.295
8.778,-0.285
8.781,-0.31
8.783,-0.29
8.786,-0.275
8.789,-0.27
8.792,-0.275
8.794,-0.27
8.797,-0.28
8.8,-0.31
8.803,-0.3
8.806,-0.29
8.808,-0.295
8.811,-0.28
8.814,-0.29
8.817,-0.295
8.819,-0.28
8.822,-0.265
8.825,-0.27
8.828,-0.295
8.831,-0.305
8.833,-0.31
8.836,-0.305
8.839,-0.28
8.842,-0.285
8.844,-0.29
8.847,-0.295
8.85,-0.3
8.853,-0.295
8.856,-0.29
8.858,-0.28
8.861,-0.27
8.864,-0.28
8.867,-0.285
8.869,-0.28
8.872,-0.27
8.875,-0.285
8.878,-0.295
8.881,-0.295
8.883,-0.3
8.886,-0.295
8.889,-0.285
8.892,-0.28
8.894,-0.285
8.897,-0.29
8.9,-0.29
8.903,-0.275
8.906,-0.275
8.908,-0.27
8.911,-0.295
8.914,-0.32
8.917,-0.33
8.919,-0.315
8.922,-0.31
8.925,-0.3
8.928,-0.305
8.931,-0.305
8.933,-0.305
8.936,-0.3
8.939,-0.28
8.942,-0.28
8.944,-0.29
8.947,-0.295
8.95,-0.31
8.953,-0.29
8.956,-0.29
8.958,-0.275
8.961,-0.27
8.964,-0.275
8.967,-0.285
8.969,-0.28
8.972,-0.27
8.975,-0.265
8.978,-0.27
8.981,-0.28
8.983,-0.275
8.986,-0.25
8.989,-0.245
8.992,-0.26
8.994,-0.265
8.997,-0.265
9.0,-0.25
9.003,-0.21
9.006,-0.175
9.008,-0.145
9.011,-0.12
9.014,-0.105
9.017,-0.115
9.019,-0.115
9.022,-0.13
9.025,-0.12
9.028,-0.135
9.031,-0.135
9.033,-0.165
9.036,-0.165
9.039,-0.18
9.042,-0.185
9.044,-0.205
9.047,-0.195
9.05,-0.21
9.053,-0.205
9.056,-0.21
9.058,-0.225
9.061,-0.24
9.064,-0.27
9.067,-0.29
9.069,-0.3
9.072,-0.305
9.075,-0.305
9.078,-0.32
9.081,-0.325
9.083,-0.335
9.086,-0.315
9.089,-0.31
9.092,-0.315
9.094,-0.32
9.097,-0.32
9.1,-0.34
9.103,-0.315
9.106,-0.31
9.108,-0.31
9.111,-0.325
9.114,-0.325
9.117,-0.335
9.119,-0.325
9.122,-0.3
9.125,-0.3
9.128,-0.315
9.131,-0.335
9.133,-0.335
9.136,-0.34
9.139,-0.355
9.142,-0.38
9.144,-0.385
9.147,-0.37
9.15,-0.3
9.153,-0.13
9.156,0.07
9.158,0.29
9.161,0.545
9.164,0.83
9.167,1.06
9.169,1.145
9.172,1.015
9.175,0.735
9.178,0.425
9.181,0.165
9.183,-0.04
9.186,-0.145
9.189,-0.155
9.192,-0.17
9.194,-0.185
9.197,-0.21
9.2,-0.245
9.203,-0.28
9.206,-0.29
9.208,-0.315
9.211,-0.345
9.214,-0.37
9.217,-0.395
9.219,-0.435
9.222,-0.43
9.225,-0.43
9.228,-0.42
9.231,-0.42
9.233,-0.445
9.236,-0.44
9.239,-0.435
9.242,-0.425
9.244,-0.43
9.247,-0.44
9.25,-0.44
9.253,-0.43
9.256,-0.43
9.258,-0.435
9.261,-0.44
9.264,-0.455
9.267,-0.455
9.269,-0.445
9.272,-0.435
9.275,-0.425
9.278,-0.42
9.281,-0.42
9.283,-0.43
9.286,-0.44
9.289,-0.415
9.292,-0.415
9.294,-0.43
9.297,-0.435
9.3,-0.44
9.303,-0.435
9.306,-0.43
9.308,-0.415
9.311,-0.42
9.314,-0.42
9.317,-0.43
9.319,-0.42
9.322,-0.41
9.325,-0.405
9.328,-0.41
9.331,-0.41
9.333,-0.425
9.336,-0.41
9.339,-0.39
9.342,-0.38
9.344,-0.385
9.347,-0.405
9.35,-0.415
9.353,-0.415
9.356,-0.41
9.358,-0.405
9.361,-0.4
9.364,-0.41
9.367,-0.42
9.369,-0.41
9.372,-0.41
9.375,-0.395
9.378,-0.395
9.381,-0.405
9.383,-0.4
9.386,-0.39
9.389,-0.38
9.392,-0.375
9.394,-0.375
9.397,-0.38
9.4,-0.375
9.403,-0.37
9.406,-0.365
9.408,-0.355
9.411,-0.35
9.414,-0.35
9.417,-0.355
9.419,-0.35
9.422,-0.335
9.425,-0.315
9.428,-0.305
9.431,-0.3
9.433,-0.3
9.436,-0.28
9.439,-0.265
9.442,-0.255
9.444,-0.265
9.447,-0.26
9.45,-0.265
9.453,-0.27
9.456,-0.245
9.458,-0.225
9.461,-0.235
9.464,-0.215
9.467,-0.215
9.469,-0.205
9.472,-0.19
9.475,-0.175
9.478,-0.175
9.481,-0.18
9.483,-0.175
9.486,-0.17
9.489,-0.15
9.492,-0.14
9.494,-0.145
9.497,-0.15
9.5,-0.16
9.503,-0.15
9.506,-0.17
9.508,-0.17
9.511,-0.175
9.514,-0.21
9.517,-0.24
9.519,-0.25
9.522,-0.25
9.525,-0.24
9.528,-0.245
9.531,-0.25
9.533,-0.275
9.536,-0.26
9.539,-0.275
9.542,-0.29
9.544,-0.305
9.547,-0.315
9.55,-0.33
9.553,-0.32
9.556,-0.33
9.558,-0.325
9.561,-0.305
9.564,-0.315
9.567,-0.325
9.569,-0.325
9.572,-0.325
9.575,-0.33
9.578,-0.32
9.581,-0.34
9.583,-0.365
9.586,-0.35
9.589,-0.355
9.592,-0.355
9.594,-0.35
9.597,-0.355
9.6,-0.36
9.603,-0.355
9.606,-0.325
9.608,-0.305
9.611,-0.32
9.614,-0.325
9.617,-0.34
9.619,-0.34
9.622,-0.335
9.625,-0.32
9.628,-0.33
9.631,-0.345
9.633,-0.345
9.636,-0.33
9.639,-0.31
9.642,-0.315
9.644,-0.325
9.647,-0.335
9.65,-0.345
9.653,-0.335
9.656,-0.32
9.658,-0.325
9.661,-0.335
9.664,-0.345
9.667,-0.35
9.669,-0.335
9.672,-0.335
9.675,-0.315
9.678,-0.32
9.681,-0.315
9.683,-0.325
9.686,-0.31
9.689,-0.31
9.692,-0.305
9.694,-0.305
9.697,-0.31
9.7,-0.33
9.703,-0.325
9.706,-0.315
9.708,-0.295
9.711,-0.295
9.714,-0.3
9.717,-0.31
9.719,-0.295
9.722,-0.29
9.725,-0.29
9.728,-0.315
9.731,-0.315
9.733,-0.31
9.736,-0.28
9.739,-0.28
9.742,-0.28
9.744,-0.305
9.747,-0.31
9.75,-0.325
9.753,-0.335
9.756,-0.335
9.758,-0.315
9.761,-0.32
9.764,-0.315
9.767,-0.32
9.769,-0.295
9.772,-0.285
9.775,-0.285
9.778,-0.29
9.781,-0.305
9.783,-0.31
9.786,-0.31
9.789,-0.295
9.792,-0.305
9.794,-0.31
9.797,-0.32
9.8,-0.32
9.803,-0.325
9.806,-0.32
9.808,-0.325
9.811,-0.315
9.814,-0.31
9.817,-0.31
9.819,-0.33
9.822,-0.315
9.825,-0.33
9.828,-0.315
9.831,-0.33
9.833,-0.325
9.836,-0.32
9.839,-0.305
9.842,-0.315
9.844,-0.315
9.847,-0.315
9.85,-0.335
9.853,-0.325
9.856,-0.325
9.858,-0.32
9.861,-0.31
9.864,-0.315
9.867,-0.32
9.869,-0.32
9.872,-0.31
9.875,-0.3
9.878,-0.295
9.881,-0.32
9.883,-0.335
9.886,-0.305
9.889,-0.275
9.892,-0.27
9.894,-0.27
9.897,-0.28
9.9,-0.305
9.903,-0.305
9.906,-0.275
9.908,-0.275
9.911,-0.275
9.914,-0.285
9.917,-0.29
9.919,-0.27
9.922,-0.215
9.925,-0.2
9.928,-0.185
9.931,-0.155
9.933,-0.135
9.936,-0.145
9.939,-0.175
9.942,-0.195
9.944,-0.215
9.947,-0.23
9.95,-0.245
9.953,-0.24
9.956,-0.24
9.958,-0.23
9.961,-0.23
9.964,-0.24
9.967,-0.255
9.969,-0.255
9.972,-0.27
9.975,-0.28
9.978,-0.285
9.981,-0.3
9.983,-0.315
9.986,-0.34
9.989,-0.34
9.992,-0.34
9.994,-0.33
9.997,-0.34
10.0,-0.36
10.003,-0.35
10.006,-0.335
10.008,-0.32
10.011,-0.345
10.014,-0.36
10.017,-0.37
10.019,-0.375
10.022,-0.385
10.025,-0.37
10.028,-0.355
10.031,-0.36
10.033,-0.375
10.036,-0.385
10.039,-0.36
10.042,-0.33
10.044,-0.33
10.047,-0.345
10.05,-0.385
10.053,-0.4
10.056,-0.415
10.058,-0.415
10.061,-0.42
10.064,-0.385
10.067,-0.28
10.069,-0.08
10.072,0.155
10.075,0.425
10.078,0.745
10.081,1.03
10.083,1.165
10.086,1.085
10.089,0.85
10.092,0.57
10.094,0.3
10.097,0.03
10.1,-0.145
10.103,-0.195
10.106,-0.22
10.108,-0.265
10.111,-0.305
10.114,-0.33
10.117,-0.335
10.119,-0.355
10.122,-0.38
10.125,-0.42
10.128,-0.445
10.131,-0.45
10.133,-0.46
10.136,-0.445
10.139,-0.435
10.142,-0.45
10.144,-0.45
10.147,-0.465
10.15,-0.475
10.153,-0.475
10.156,-0.475
10.158,-0.48
10.161,-0.47
10.164,-0.46
10.167,-0.465
10.169,-0.46
10.172,-0.44
10.175,-0.43
10.178,-0.43
10.181,-0.44
10.183,-0.45
10.186,-0.465
10.189,-0.48
10.192,-0.485
10.194,-0.485
10.197,-0.475
10.2,-0.48
10.203,-0.475
10.206,-0.465
10.208,-0.44
10.211,-0.45
10.214,-0.455
10.217,-0.455
10.219,-0.465
10.222,-0.45
10.225,-0.45
10.228,-0.465
10.231,-0.485
10.233,-0.485
10.236,-0.475
10.239,-0.47
10.242,-0.465
10.244,-0.465
10.247,-0.47
10.25,-0.47
10.253,-0.455
10.256,-0.45
10.258,-0.44
10.261,-0.44
10.264,-0.46
10.267,-0.475
10.269,-0.445
10.272,-0.445
10.275,-0.42
10.278,-0.42
10.281,-0.42
10.283,-0.43
10.286,-0.435
10.289,-0.42
10.292,-0.41
10.294,-0.41
10.297,-0.405
10.3,-0.405
10.303,-0.395
10.306,-0.385
10.308,-0.375
10.311,-0.365
10.314,-0.38
10.317,-0.385
10.319,-0.365
10.322,-0.35
10.325,-0.345
10.328,-0.335
10.331,-0.335
10.333,-0.33
10.336,-0.31
10.339,-0.305
10.342,-0.285
10.344,-0.275
10.347,-0.275
10.35,-0.28
10.353,-0.265
10.356,-0.255
10.358,-0.235
10.361,-0.2
10.364,-0.22
10.367,-0.23
10.369,-0.23
10.372,-0.225
10.375,-0.2
10.378,-0.19
10.381,-0.185
10.383,-0.2
10.386,-0.195
10.389,-0.185
10.392,-0.175
10.394,-0.18
10.397,-0.18
10.4,-0.185
10.403,-0.19
10.406,-0.175
10.408,-0.185
10.411,-0.2
10.414,-0.225
10.417,-0.245
10.419,-0.25
10.422,-0.245
10.425,-0.235
10.428,-0.245
10.431,-0.275
10.433,-0.29
10.436,-0.3
10.439,-0.295
10.442,-0.305
10.444,-0.305
10.447,-0.315
10.45,-0.335
10.453,-0.335
10.456,-0.34
10.458,-0.325
10.461,-0.335
10.464,-0.355
10.467,-0.365
10.469,-0.365
10.472,-0.355
10.475,-0.34
10.478,-0.355
10.481,-0.35
10.483,-0.36
10.486,-0.36
10.489,-0.35
10.492,-0.365
10.494,-0.37
10.497,-0.37
10.5,-0.37
10.503,-0.365
10.506,-0.35
10.508,-0.345
10.511,-0.355
10.514,-0.375
10.517,-0.385
10.519,-0.39
10.522,-0.365
10.525,-0.345
10.528,-0.34
10.531,-0.35
10.533,-0.36
10.536,-0.35
10.539,-0.345
10.542,-0.33
10.544,-0.34
10.547,-0.345
10.55,-0.365
10.553,-0.35
10.556,-0.33
10.558,-0.315
10.561,-0.325
10.564,-0.33
10.567,-0.345
10.569,-0.335
10.572,-0.33
10.575,-0.32
10.578,-0.315
10.581,-0.335
10.583,-0.33
10.586,-0.335
10.589,-0.32
10.592,-0.32
10.594,-0.315
10.597,-0.32
10.6,-0.32
10.603,-0.325
10.606,-0.325
10.608,-0.325
10.611,-0.32
10.614,-0.325
10.617,-0.335
10.619,-0.325
10.622,-0.32
10.625,-0.31
10.628,-0.315
10.631,-0.32
10.633,-0.34
10.636,-0.32
10.639,-0.32
10.642,-0.305
10.644,-0.31
10.647,-0.315
10.65,-0.34
10.653,-0.345
10.656,-0.32
10.658,-0.33
10.661,-0.315
10.664,-0.315
10.667,-0.33
10.669,-0.33
10.672,-0.33
10.675,-0.335
10.678,-0.335
10.681,-0.32
10.683,-0.33
10.686,-0.325
10.689,-0.32
10.692,-0.315
10.694,-0.325
10.697,-0.32
10.7,-0.34
10.703,-0.33
10.706,-0.33
10.708,-0.32
10.711,-0.33
10.714,-0.345
10.717,-0.335
10.719,-0.34
10.722,-0.325
10.725,-0.32
10.728,-0.315
10.731,-0.31
10.733,-0.33
10.736,-0.325
10.739,-0.32
10.742,-0.32
10.744,-0.325
10.747,-0.33
10.75,-0.345
10.753,-0.34
10.756,-0.325
10.758,-0.32
10.761,-0.335
10.764,-0.33
10.767,-0.345
10.769,-0.335
10.772,-0.325
10.775,-0.31
10.778,-0.315
10.781,-0.32
10.783,-0.335
10.786,-0.34
10.789,-0.32
10.792,-0.32
10.794,-0.32
10.797,-0.31
10.8,-0.31
10.803,-0.3
10.806,-0.3
10.808,-0.31
10.811,-0.315
10.814,-0.325
10.817,-0.32
10.819,-0.31
10.822,-0.285
10.825,-0.27
10.828,-0.285
10.831,-0.285
10.833,-0.3
10.836,-0.29
10.839,-0.26
10.842,-0.235
10.844,-0.215
10.847,-0.19
10.85,-0.17
10.853,-0.14
10.856,-0.135
10.858,-0.14
10.861,-0.17
10.864,-0.165
10.867,-0.175
10.869,-0.185
10.872,-0.195
10.875,-0.2
10.878,-0.205
10.881,-0.225
10.883,-0.225
10.886,-0.22
10.889,-0.215
10.892,-0.225
10.894,-0.235
10.897,-0.26
10.9,-0.28
10.903,-0.28
10.906,-0.295
10.908,-0.295
10.911,-0.305
10.914,-0.315
10.917,-0.325
10.919,-0.33
10.922,-0.315
10.925,-0.305
10.928,-0.3
10.931,-0.315
10.933,-0.335
10.936,-0.34
10.939,-0.33
10.942,-0.315
10.944,-0.32
10.947,-0.335
10.95,-0.34
10.953,-0.345
10.956,-0.34
10.958,-0.325
10.961,-0.335
10.964,-0.355
10.967,-0.365
10.969,-0.375
10.972,-0.385
10.975,-0.39
10.978,-0.395
10.981,-0.36
10.983,-0.245
10.986,-0.04
10.989,0.19
10.992,0.48
10.994,0.81
10.997,1.095
11.0,1.19
11.003,1.035
11.006,0.735
11.008,0.45
11.011,0.18
11.014,-0.015
11.017,-0.095
11.019,-0.11
11.022,-0.135
11.025,-0.165
11.028,-0.19
11.031,-0.225
11.033,-0.245
11.036,-0.27
11.039,-0.305
11.042,-0.325
11.044,-0.365
11.047,-0.38
11.05,-0.395
11.053,-0.39
11.056,-0.385
11.058,-0.375
11.061,-0.385
11.064,-0.395
11.067,-0.41
11.069,-0.405
11.072,-0.4
11.075,-0.395
11.078,-0.4
11.081,-0.42
11.083,-0.42
11.086,-0.41
11.089,-0.405
11.092,-0.405
11.094,-0.405
11.097,-0.405
11.1,-0.4
11.103,-0.39
11.106,-0.385
11.108,-0.4
11.111,-0.405
11.114,-0.4
11.117,-0.415
11.119,-0.4
11.122,-0.42
11.125,-0.385
11.128,-0.39
11.131,-0.385
11.133,-0.4
11.136,-0.385
11.139,-0.39
11.142,-0.395
11.144,-0.41
11.147,-0.415
11.15,-0.415
11.153,-0.415
11.156,-0.395
11.158,-0.39
11.161,-0.38
11.164,-0.38
11.167,-0.395
11.169,-0.39
11.172,-0.375
11.175,-0.37
11.178,-0.365
11.181,-0.39
11.183,-0.4
11.186,-0.395
11.189,-0.38
11.192,-0.365
11.194,-0.365
11.197,-0.365
11.2,-0.37
11.203,-0.355
11.206,-0.345
11.208,-0.345
11.211,-0.34
11.214,-0.345
11.217,-0.35
11.219,-0.335
11.222,-0.32
11.225,-0.305
11.228,-0.295
11.231,-0.295
11.233,-0.31
11.236,-0.28
11.239,-0.265
11.242,-0.245
11.244,-0.235
11.247,-0.245
11.25,-0.25
11.253,-0.24
11.256,-0.205
11.258,-0.19
11.261,-0.18
11.264,-0.165
11.267,-0.155
11.269,-0.16
11.272,-0.145
11.275,-0.14
11.278,-0.145
11.281,-0.135
11.283,-0.155
11.286,-0.155
11.289,-0.125
11.292,-0.115
11.294,-0.105
11.297,-0.105
11.3,-0.115
11.303,-0.115
11.306,-0.1
11.308,-0.105
11.311,-0.13
11.314,-0.145
11.317,-0.175
11.319,-0.17
11.322,-0.175
11.325,-0.17
11.328,-0.19
11.331,-0.215
11.333,-0.22
11.336,-0.23
11.339,-0.235
11.342,-0.24
11.344,-0.26
11.347,-0.28
11.35,-0.29
11.353,-0.3
11.356,-0.28
11.358,-0.285
11.361,-0.3
11.364,-0.31
11.367,-0.33
11.369,-0.335
11.372,-0.32
11.375,-0.31
11.378,-0.325
11.381,-0.325
11.383,-0.34
11.386,-0.34
11.389,-0.325
11.392,-0.31
11.394,-0.31
11.397,-0.33
11.4,-0.345
11.403,-0.34
11.406,-0.335
11.408,-0.335
11.411,-0.315
11.414,-0.325
11.417,-0.335
11.419,-0.34
11.422,-0.325
11.425,-0.3
11.428,-0.3
11.431,-0.32
11.433,-0.335
11.436,-0.32
11.439,-0.305
11.442,-0.305
11.444,-0.31
11.447,-0.315
11.45,-0.32
11.453,-0.315
11.456,-0.305
11.458,-0.3
11.461,-0.29
11.464,-0.295
11.467,-0.305
11.469,-0.285
11.472,-0.28
11.475,-0.28
11.478,-0.295
11.481,-0.315
11.483,-0.325
11.486,-0.315
11.489,-0.295
11.492,-0.285
11.494,-0.27
11.497,-0.28
11.5,-0.3
11.503,-0.295
11.506,-0.28
11.508,-0.27
11.511,-0.27
11.514,-0.285
11.517,-0.3
11.519,-0.295
11.522,-0.28
11.525,-0.275
11.528,-0.275
11.531,-0.28
11.533,-0.29
11.536,-0.275
11.539,-0.27
11.542,-0.265
11.544,-0.275
11.547,-0.29
11.55,-0.295
11.553,-0.295
11.556,-0.285
11.558,-0.27
11.561,-0.28
11.564,-0.29
11.567,-0.3
11.569,-0.285
11.572,-0.275
11.575,-0.275
11.578,-0.275
11.581,-0.285
11.583,-0.285
11.586,-0.295
11.589,-0.285
11.592,-0.275
11.594,-0.28
11.597,-0.28
11.6,-0.3
11.603,-0.29
11.606,-0.29
11.608,-0.28
11.611,-0.275
11.614,-0.29
11.617,-0.305
11.619,-0.275
11.622,-0.265
11.625,-0.26
11.628,-0.26
11.631,-0.275
11.633,-0.295
11.636,-0.285
11.639,-0.28
11.642,-0.265
11.644,-0.275
11.647,-0.295
11.65,-0.3
11.653,-0.285
11.656,-0.285
11.658,-0.275
11.661,-0.275
11.664,-0.28
11.667,-0.285
11.669,-0.285
11.672,-0.28
11.675,-0.29
11.678,-0.27
11.681,-0.285
11.683,-0.285
11.686,-0.285
11.689,-0.28
11.692,-0.275
11.694,-0.27
11.697,-0.285
11.7,-0.29
11.703,-0.28
11.706,-0.28
11.708,-0.26
11.711,-0.255
11.714,-0.27
11.717,-0.28
11.719,-0.27
11.722,-0.255
11.725,-0.25
11.728,-0.25
11.731,-0.25
11.733,-0.245
11.736,-0.245
11.739,-0.225
11.742,-0.2
11.744,-0.18
11.747,-0.17
11.75,-0.15
11.753,-0.12
11.756,-0.09
11.758,-0.09
11.761,-0.105
11.764,-0.12
11.767,-0.145
11.769,-0.155
11.772,-0.165
11.775,-0.16
11.778,-0.16
11.781,-0.16
11.783,-0.165
11.786,-0.16
11.789,-0.165
11.792,-0.19
11.794,-0.205
11.797,-0.23
11.8,-0.25
11.803,-0.26
11.806,-0.285
11.808,-0.27
11.811,-0.265
11.814,-0.265
11.817,-0.27
11.819,-0.26
11.822,-0.255
11.825,-0.265
11.828,-0.265
11.831,-0.29
11.833,-0.3
11.836,-0.29
11.839,-0.28
11.842,-0.275
11.844,-0.27
11.847,-0.28
11.85,-0.285
11.853,-0.295
11.856,-0.29
11.858,-0.275
11.861,-0.275
11.864,-0.295
11.867,-0.325
11.869,-0.34
11.872,-0.355
11.875,-0.32
11.878,-0.26
11.881,-0.13
11.883,0.03
11.886,0.285
11.889,0.6
11.892,0.95
11.894,1.19
11.897,1.215
11.9,0.995
11.903,0.67
11.906,0.375
11.908,0.17
11.911,0.055
11.914,0.02
11.917,0.005
11.919,-0.025
11.922,-0.05
11.925,-0.07
11.928,-0.105
11.931,-0.145
11.933,-0.21
11.936,-0.245
11.939,-0.275
11.942,-0.28
11.944,-0.285
11.947,-0.3
11.95,-0.32
11.953,-0.32
11.956,-0.33
11.958,-0.315
11.961,-0.32
11.964,-0.33
11.967,-0.345
11.969,-0.34
11.972,-0.335
11.975,-0.345
11.978,-0.34
11.981,-0.34
11.983,-0.355
11.986,-0.35
11.989,-0.355
11.992,-0.345
11.994,-0.35
11.997,-0.365
12.0,-0.36
12.003,-0.365
12.006,-0.345
12.008,-0.345
12.011,-0.34
12.014,-0.35
12.017,-0.365
12.019,-0.35
12.022,-0.35
12.025,-0.33
12.028,-0.33
12.031,-0.34
12.033,-0.35
12.036,-0.345
12.039,-0.35
12.042,-0.325
12.044,-0.32
12.047,-0.315
12.05,-0.345
12.053,-0.35
12.056,-0.34
12.058,-0.33
12.061,-0.33
12.064,-0.335
12.067,-0.335
12.069,-0.33
12.072,-0.33
12.075,-0.315
12.078,-0.315
12.081,-0.315
12.083,-0.315
12.086,-0.315
12.089,-0.295
12.092,-0.29
12.094,-0.305
12.097,-0.31
12.1,-0.315
12.103,-0.29
12.106,-0.27
12.108,-0.255
12.111,-0.26
12.114,-0.27
12.117,-0.29
12.119,-0.285
12.122,-0.26
12.125,-0.25
12.128,-0.25
12.131,-0.235
12.133,-0.245
12.136,-0.225
12.139,-0.215
12.142,-0.185
12.144,-0.185
12.147,-0.19
12.15,-0.2
12.153,-0.21
12.156,-0.19
12.158,-0.17
12.161,-0.175
12.164,-0.155
12.167,-0.15
12.169,-0.135
12.172,-0.12
12.175,-0.1
12.178,-0.085
12.181,-0.085
12.183,-0.09
12.186,-0.09
12.189,-0.075
12.192,-0.06
12.194,-0.05
12.197,-0.065
12.2,-0.085
12.203,-0.07
12.206,-0.055
12.208,-0.07
12.211,-0.075
12.214,-0.09
12.217,-0.105
12.219,-0.115
12.222,-0.115
12.225,-0.125
12.228,-0.13
12.231,-0.155
12.233,-0.17
12.236,-0.165
12.239,-0.175
12.242,-0.175
12.244,-0.195
12.247,-0.21
12.25,-0.225
12.253,-0.235
12.256,-0.23
12.258,-0.24
12.261,-0.22
12.264,-0.23
12.267,-0.235
12.269,-0.245
12.272,-0.23
12.275,-0.235
12.278,-0.235
12.281,-0.245
12.283,-0.265
12.286,-0.26
12.289,-0.25
12.292,-0.245
12.294,-0.26
12.297,-0.275
12.3,-0.285
12.303,-0.275
12.306,-0.26
12.308,-0.255
12.311,-0.25
12.314,-0.25
12.317,-0.25
12.319,-0.24
12.322,-0.24
12.325,-0.245
12.328,-0.265
12.331,-0.275
12.333,-0.285
12.336,-0.275
12.339,-0.265
12.342,-0.26
12.344,-0.26
12.347,-0.26
12.35,-0.265
12.353,-0.255
12.356,-0.25
12.358,-0.24
12.361,-0.25
12.364,-0.25
12.367,-0.245
12.369,-0.245
12.372,-0.235
12.375,-0.225
12.378,-0.22
12.381,-0.235
12.383,-0.26
12.386,-0.245
12.389,-0.235
12.392,-0.23
12.394,-0.225
12.397,-0.23
12.4,-0.235
12.403,-0.24
12.406,-0.225
12.408,-0.215
12.411,-0.22
12.414,-0.22
12.417,-0.24
12.419,-0.24
12.422,-0.25
12.425,-0.24
12.428,-0.25
12.431,-0.245
12.433,-0.255
12.436,-0.235
12.439,-0.24
12.442,-0.24
12.444,-0.24
12.447,-0.235
12.45,-0.24
12.453,-0.225
12.456,-0.215
12.458,-0.225
12.461,-0.235
12.464,-0.245
12.467,-0.255
12.469,-0.245
12.472,-0.23
12.475,-0.225
12.478,-0.215
12.481,-0.235
12.483,-0.24
12.486,-0.255
12.489,-0.245
12.492,-0.24
12.494,-0.245
12.497,-0.24
12.5,-0.25
12.503,-0.25
12.506,-0.24
12.508,-0.245
12.511,-0.245
12.514,-0.24
12.517,-0.25
12.519,-0.25
12.522,-0.25
12.525,-0.24
12.528,-0.235
12.531,-0.24
12.533,-0.24
12.536,-0.24
12.539,-0.235
12.542,-0.225
12.544,-0.215
12.547,-0.24
12.55,-0.235
12.553,-0.25
12.556,-0.245
12.558,-0.23
12.561,-0.235
12.564,-0.235
12.567,-0.245
12.569,-0.255
12.572,-0.24
12.575,-0.24
12.578,-0.215
12.581,-0.225
12.583,-0.245
12.586,-0.245
12.589,-0.235
12.592,-0.225
12.594,-0.225
12.597,-0.235
12.6,-0.25
12.603,-0.245
12.606,-0.24
12.608,-0.23
12.611,-0.215
12.614,-0.225
12.617,-0.22
12.619,-0.22
12.622,-0.21
12.625,-0.185
12.628,-0.18
12.631,-0.19
12.633,-0.19
12.636,-0.195
12.639,-0.195
12.642,-0.175
12.644,-0.175
12.647,-0.155
12.65,-0.14
12.653,-0.1
12.656,-0.06
12.658,-0.04
12.661,-0.06
12.664,-0.08
12.667,-0.095
12.669,-0.09
12.672,-0.085
12.675,-0.09
12.678,-0.11
12.681,-0.125
12.683,-0.125
12.686,-0.135
12.689,-0.135
12.692,-0.125
12.694,-0.14
12.697,-0.16
12.7,-0.175
12.703,-0.185
12.706,-0.205
12.708,-0.225
12.711,-0.23
12.714,-0.23
12.717,-0.245
12.719,-0.25
12.722,-0.255
12.725,-0.24
12.728,-0.24
12.731,-0.245
12.733,-0.265
12.736,-0.25
12.739,-0.25
12.742,-0.245
12.744,-0.245
12.747,-0.27
12.75,-0.28
12.753,-0.255
12.756,-0.27
12.758,-0.25
12.761,-0.255
12.764,-0.26
12.767,-0.265
12.769,-0.275
12.772,-0.29
12.775,-0.305
12.778,-0.325
12.781,-0.33
12.783,-0.315
12.786,-0.225
12.789,-0.045
12.792,0.185
12.794,0.465
12.797,0.795
12.8,1.085
12.803,1.155
12.806,0.995
12.808,0.705
12.811,0.395
12.814,0.15
12.817,0.05
12.819,0.055
12.822,0.035
12.825,0.0
12.828,-0.06
12.831,-0.115
12.833,-0.17
12.836,-0.225
12.839,-0.255
12.842,-0.27
12.844,-0.275
12.847,-0.305
12.85,-0.33
12.853,-0.35
12.856,-0.345
12.858,-0.345
12.861,-0.345
12.864,-0.345
12.867,-0.36
12.869,-0.355
12.872,-0.36
12.875,-0.34
12.878,-0.345
12.881,-0.35
12.883,-0.355
12.886,-0.375
12.889,-0.365
12.892,-0.355
12.894,-0.355
12.897,-0.36
12.9,-0.38
12.903,-0.38
12.906,-0.345
12.908,-0.345
12.911,-0.355
12.914,-0.36
12.917,-0.38
12.919,-0.37
12.922,-0.355
12.925,-0.345
12.928,-0.36
12.931,-0.365
12.933,-0.36
12.936,-0.36
12.939,-0.355
12.942,-0.335
12.944,-0.35
12.947,-0.365
12.95,-0.36
12.953,-0.36
12.956,-0.34
12.958,-0.33
12.961,-0.34
12.964,-0.35
12.967,-0.37
12.969,-0.36
12.972,-0.34
12.975,-0.315
12.978,-0.32
12.981,-0.335
12.983,-0.345
12.986,-0.34
12.989,-0.32
12.992,-0.315
12.994,-0.295
12.997,-0.305
13.0,-0.31
13.003,-0.31
13.006,-0.295
13.008,-0.29
13.011,-0.29
13.014,-0.285
13.017,-0.295
13.019,-0.285
13.022,-0.285
13.025,-0.265
13.028,-0.25
13.031,-0.23
13.033,-0.23
13.036,-0.22
13.039,-0.21
13.042,-0.195
13.044,-0.21
13.047,-0.2
13.05,-0.205
13.053,-0.19
13.056,-0.175
13.058,-0.165
13.061,-0.15
13.064,-0.145
13.067,-0.15
13.069,-0.145
13.072,-0.13
13.075,-0.1
13.078,-0.1
13.081,-0.105
13.083,-0.105
13.086,-0.105
13.089,-0.1
13.092,-0.085
13.094,-0.08
13.097,-0.09
13.1,-0.1
13.103,-0.115
13.106,-0.11
13.108,-0.105
13.111,-0.125
13.114,-0.14
13.117,-0.16
13.119,-0.175
13.122,-0.17
13.125,-0.175
13.128,-0.18
13.131,-0.18
13.133,-0.2
13.136,-0.22
13.139,-0.225
13.142,-0.22
13.144,-0.22
13.147,-0.22
13.15,-0.235
13.153,-0.255
13.156,-0.255
13.158,-0.255
13.161,-0.255
13.164,-0.26
13.167,-0.255
13.169,-0.275
13.172,-0.29
13.175,-0.29
13.178,-0.285
13.181,-0.28
13.183,-0.295
13.186,-0.295
13.189,-0.285
13.192,-0.265
13.194,-0.275
13.197,-0.275
13.2,-0.29
13.203,-0.305
13.206,-0.3
13.208,-0.265
13.211,-0.24
13.214,-0.26
13.217,-0.265
13.219,-0.275
13.222,-0.26
13.225,-0.255
13.228,-0.265
13.231,-0.26
13.233,-0.255
13.236,-0.265
13.239,-0.26
13.242,-0.235
13.244,-0.24
13.247,-0.245
13.25,-0.265
13.253,-0.25
13.256,-0.245
13.258,-0.245
13.261,-0.245
13.264,-0.245
13.267,-0.255
13.269,-0.245
13.272,-0.235
13.275,-0.225
13.278,-0.23
13.281,-0.24
13.283,-0.24
13.286,-0.245
13.289,-0.24
13.292,-0.23
13.294,-0.24
13.297,-0.235
13.3,-0.23
13.303,-0.255
13.306,-0.255
13.308,-0.22
13.311,-0.225
13.314,-0.235
13.317,-0.245
13.319,-0.255
13.322,-0.265
13.325,-0.245
13.328,-0.245
13.331,-0.245
13.333,-0.25
13.336,-0.24
13.339,-0.245
13.342,-0.255
13.344,-0.265
13.347,-0.25
13.35,-0.25
13.353,-0.255
13.356,-0.245
13.358,-0.24
13.361,-0.245
13.364,-0.245
13.367,-0.255
13.369,-0.265
13.372,-0.24
13.375,-0.23
13.378,-0.23
13.381,-0.245
13.383,-0.25
13.386,-0.255
13.389,-0.25
13.392,-0.235
13.394,-0.255
13.397,-0.26
13.4,-0.265
13.403,-0.275
13.406,-0.265
13.408,-0.26
13.411,-0.25
13.414,-0.255
13.417,-0.27
13.419,-0.29
13.422,-0.265
13.425,-0.255
13.428,-0.25
13.431,-0.27
13.433,-0.27
13.436,-0.265
13.439,-0.245
13.442,-0.24
13.444,-0.25
13.447,-0.265
13.45,-0.275
13.453,-0.28
13.456,-0.265
13.458,-0.25
13.461,-0.245
13.464,-0.245
13.467,-0.265
13.469,-0.27
13.472,-0.255
13.475,-0.245
13.478,-0.25
13.481,-0.26
13.483,-0.28
13.486,-0.285
13.489,-0.275
13.492,-0.265
13.494,-0.27
13.497,-0.265
13.5,-0.285
13.503,-0.265
13.506,-0.24
13.508,-0.245
13.511,-0.26
13.514,-0.275
13.517,-0.275
13.519,-0.28
13.522,-0.265
13.525,-0.255
13.528,-0.255
13.531,-0.24
13.533,-0.22
13.536,-0.19
13.539,-0.14
13.542,-0.1
13.544,-0.105
13.547,-0.12
13.55,-0.145
13.553,-0.16
13.556,-0.155
13.558,-0.16
13.561,-0.185
13.564,-0.19
13.567,-0.2
13.569,-0.21
13.572,-0.195
13.575,-0.18
13.578,-0.185
13.581,-0.195
13.583,-0.22
13.586,-0.25
13.589,-0.265
13.592,-0.26
13.594,-0.285
13.597,-0.3
13.6,-0.32
13.603,-0.33
13.606,-0.32
13.608,-0.305
13.611,-0.305
13.614,-0.305
13.617,-0.315
13.619,-0.325
13.622,-0.335
13.625,-0.335
13.628,-0.33
13.631,-0.34
13.633,-0.34
13.636,-0.36
13.639,-0.345
13.642,-0.345
13.644,-0.34
13.647,-0.355
13.65,-0.35
13.653,-0.355
13.656,-0.355
13.658,-0.36
13.661,-0.385
13.664,-0.385
13.667,-0.395
13.669,-0.355
13.672,-0.255
13.675,-0.075
13.678,0.105
13.681,0.335
13.683,0.635
13.686,0.895
13.689,0.95
13.692,0.755
13.694,0.43
13.697,0.15
13.7,-0.045
13.703,-0.16
13.706,-0.185
13.708,-0.185
13.711,-0.225
13.714,-0.24
13.717,-0.255
13.719,-0.305
13.722,-0.32
13.725,-0.36
13.728,-0.4
13.731,-0.42
13.733,-0.435
13.736,-0.44
13.739,-0.445
13.742,-0.445
13.744,-0.455
13.747,-0.485
13.75,-0.505
13.753,-0.5
13.756,-0.47
13.758,-0.465
13.761,-0.46
13.764,-0.48
13.767,-0.48
13.769,-0.475
13.772,-0.465
13.775,-0.46
13.778,-0.475
13.781,-0.49
13.783,-0.505
13.786,-0.505
13.789,-0.495
13.792,-0.48
13.794,-0.475
13.797,-0.51
13.8,-0.53
13.803,-0.52
13.806,-0.505
13.808,-0.5
13.811,-0.5
13.814,-0.51
13.817,-0.52
13.819,-0.515
13.822,-0.52
13.825,-0.535
13.828,-0.525
13.831,-0.52
13.833,-0.52
13.836,-0.525
13.839,-0.505
13.842,-0.485
13.844,-0.51
13.847,-0.55
13.85,-0.565
13.853,-0.55
13.856,-0.525
13.858,-0.5
13.861,-0.515
13.864,-0.525
13.867,-0.525
13.869,-0.52
13.872,-0.505
13.875,-0.48
13.878,-0.48
13.881,-0.495
13.883,-0.505
13.886,-0.5
13.889,-0.49
13.892,-0.475
13.894,-0.485
13.897,-0.5
13.9,-0.505
13.903,-0.485
13.906,-0.48
13.908,-0.47
13.911,-0.46
13.914,-0.46
13.917,-0.46
13.919,-0.45
13.922,-0.435
13.925,-0.425
13.928,-0.42
13.931,-0.405
13.933,-0.405
13.936,-0.385
13.939,-0.365
13.942,-0.355
13.944,-0.36
13.947,-0.36
13.95,-0.365
13.953,-0.365
13.956,-0.345
13.958,-0.32
13.961,-0.315
13.964,-0.33
13.967,-0.335
13.969,-0.35
13.972,-0.335
13.975,-0.305
13.978,-0.295
13.981,-0.295
13.983,-0.31
13.986,-0.31
13.989,-0.32
13.992,-0.32
13.994,-0.345
13.997,-0.345
14.0,-0.365
14.003,-0.37
14.006,-0.37
14.008,-0.375
14.011,-0.38
14.014,-0.39
14.017,-0.4
14.019,-0.425
14.022,-0.425
14.025,-0.42
14.028,-0.43
14.031,-0.435
14.033,-0.435
14.036,-0.445
14.039,-0.445
14.042,-0.45
14.044,-0.455
14.047,-0.465
14.05,-0.48
14.053,-0.485
14.056,-0.485
14.058,-0.47
14.061,-0.465
14.064,-0.475
14.067,-0.485
14.069,-0.485
14.072,-0.475
14.075,-0.47
14.078,-0.475
14.081,-0.465
14.083,-0.485
14.086,-0.485
14.089,-0.47
14.092,-0.455
14.094,-0.46
14.097,-0.465
14.1,-0.465
14.103,-0.475
14.106,-0.46
14.108,-0.44
14.111,-0.435
14.114,-0.45
14.117,-0.45
14.119,-0.44
14.122,-0.45
14.125,-0.435
14.128,-0.455
14.131,-0.44
14.133,-0.445
14.136,-0.44
14.139,-0.425
14.142,-0.42
14.144,-0.415
14.147,-0.42
14.15,-0.415
14.153,-0.405
14.156,-0.4
14.158,-0.395
14.161,-0.39
14.164,-0.405
14.167,-0.405
14.169,-0.4
14.172,-0.38
14.175,-0.37
14.178,-0.385
14.181,-0.37
14.183,-0.375
14.186,-0.375
14.189,-0.365
14.192,-0.35
14.194,-0.355
14.197,-0.345
14.2,-0.36
14.203,-0.365
14.206,-0.36
14.208,-0.34
14.211,-0.345
14.214,-0.34
14.217,-0.345
14.219,-0.36
14.222,-0.35
14.225,-0.345
14.228,-0.345
14.231,-0.335
14.233,-0.35
14.236,-0.355
14.239,-0.335
14.242,-0.335
14.244,-0.325
14.247,-0.32
14.25,-0.33
14.253,-0.325
14.256,-0.315
14.258,-0.305
14.261,-0.31
14.264,-0.31
14.267,-0.34
14.269,-0.35
14.272,-0.325
14.275,-0.315
14.278,-0.315
14.281,-0.34
14.283,-0.33
14.286,-0.33
14.289,-0.31
14.292,-0.31
14.294,-0.315
14.297,-0.33
14.3,-0.325
14.303,-0.315
14.306,-0.3
14.308,-0.3
14.311,-0.29
14.314,-0.305
14.317,-0.32
14.319,-0.32
14.322,-0.3
14.325,-0.28
14.328,-0.285
14.331,-0.295
14.333,-0.295
14.336,-0.285
14.339,-0.285
14.342,-0.275
14.344,-0.285
14.347,-0.295
14.35,-0.29
14.353,-0.295
14.356,-0.275
14.358,-0.265
14.361,-0.265
14.364,-0.26
14.367,-0.28
14.369,-0.265
14.372,-0.26
14.375,-0.25
14.378,-0.24
14.381,-0.24
14.383,-0.255
14.386,-0.26
14.389,-0.245
14.392,-0.22
14.394,-0.185
14.397,-0.165
14.4,-0.125
14.403,-0.11
14.406,-0.09
14.408,-0.095
14.411,-0.115
14.414,-0.12
14.417,-0.125
14.419,-0.125
14.422,-0.13
14.425,-0.13
14.428,-0.145
14.431,-0.16
14.433,-0.175
14.436,-0.185
14.439,-0.17
14.442,-0.145
14.444,-0.16
14.447,-0.18
14.45,-0.205
14.453,-0.225
14.456,-0.225
14.458,-0.22
14.461,-0.23
14.464,-0.225
14.467,-0.25
14.469,-0.265
14.472,-0.255
14.475,-0.245
14.478,-0.255
14.481,-0.265
14.483,-0.275
14.486,-0.255
14.489,-0.255
14.492,-0.24
14.494,-0.24
14.497,-0.255
14.5,-0.275
14.503,-0.27
14.506,-0.26
14.508,-0.24
14.511,-0.25
14.514,-0.26
14.517,-0.265
14.519,-0.255
14.522,-0.255
14.525,-0.285
14.528,-0.32
14.531,-0.35
14.533,-0.365
14.536,-0.32
14.539,-0.195
14.542,-0.015
14.544,0.22
14.547,0.49
14.55,0.81
14.553,1.1
14.556,1.25
14.558,1.155
14.561,0.89
14.564,0.605
14.567,0.345
14.569,0.13
14.572,0.045
14.575,0.04
14.578,0.01
14.581,-0.04
14.583,-0.085
14.586,-0.095
14.589,-0.115
14.592,-0.15
14.594,-0.19
14.597,-0.22
14.6,-0.25
14.603,-0.27
14.606,-0.26
14.608,-0.26
14.611,-0.285
14.614,-0.3
14.617,-0.33
14.619,-0.34
14.622,-0.325
14.625,-0.31
14.628,-0.33
14.631,-0.325
14.633,-0.34
14.636,-0.33
14.639,-0.325
14.642,-0.32
14.644,-0.32
14.647,-0.325
14.65,-0.325
14.653,-0.325
14.656,-0.315
14.658,-0.32
14.661,-0.325
14.664,-0.32
14.667,-0.335
14.669,-0.335
14.672,-0.33
14.675,-0.32
14.678,-0.315
14.681,-0.33
14.683,-0.335
14.686,-0.345
14.689,-0.32
14.692,-0.305
14.694,-0.32
14.697,-0.33
14.7,-0.34
14.703,-0.335
14.706,-0.335
14.708,-0.31
14.711,-0.31
14.714,-0.32
14.717,-0.335
14.719,-0.33
14.722,-0.315
14.725,-0.305
14.728,-0.3
14.731,-0.305
14.733,-0.315
14.736,-0.315
14.739,-0.31
14.742,-0.295
14.744,-0.28
14.747,-0.28
14.75,-0.29
14.753,-0.285
14.756,-0.265
14.758,-0.255
14.761,-0.26
14.764,-0.26
14.767,-0.265
14.769,-0.26
14.772,-0.245
14.775,-0.23
14.778,-0.23
14.781,-0.235
14.783,-0.225
14.786,-0.215
14.789,-0.195
14.792,-0.165
14.794,-0.17
14.797,-0.18
14.8,-0.19
14.803,-0.2
14.806,-0.18
14.808,-0.14
14.811,-0.12
14.814,-0.11
14.817,-0.115
14.819,-0.115
14.822,-0.095
14.825,-0.085
14.828,-0.08
14.831,-0.07
14.833,-0.065
14.836,-0.07
14.839,-0.07
14.842,-0.07
14.844,-0.065
14.847,-0.07
14.85,-0.06
14.853,-0.05
14.856,-0.04
14.858,-0.04
14.861,-0.07
14.864,-0.075
14.867,-0.08
14.869,-0.07
14.872,-0.075
14.875,-0.09
14.878,-0.125
14.881,-0.14
14.883,-0.16
14.886,-0.18
14.889,-0.17
14.892,-0.17
14.894,-0.165
14.897,-0.185
14.9,-0.2
14.903,-0.21
14.906,-0.205
14.908,-0.21
14.911,-0.22
14.914,-0.225
14.917,-0.235
14.919,-0.245
14.922,-0.245
14.925,-0.25
14.928,-0.245
14.931,-0.255
14.933,-0.27
14.936,-0.275
14.939,-0.265
14.942,-0.255
14.944,-0.265
14.947,-0.27
14.95,-0.28
14.953,-0.295
14.956,-0.28
14.958,-0.275
14.961,-0.275
14.964,-0.27
14.967,-0.27
14.969,-0.285
14.972,-0.27
14.975,-0.26
14.978,-0.265
14.981,-0.275
14.983,-0.285
14.986,-0.275
14.989,-0.25
14.992,-0.245
14.994,-0.245
14.997,-0.25
15.0,-0.26
15.003,-0.27
15.006,-0.26
15.008,-0.25
15.011,-0.26
15.014,-0.265
15.017,-0.27
15.019,-0.26
15.022,-0.255
15.025,-0.25
15.028,-0.255
15.031,-0.26
15.033,-0.26
15.036,-0.255
15.039,-0.235
15.042,-0.235
15.044,-0.235
15.047,-0.24
15.05,-0.245
15.053,-0.265
15.056,-0.245
15.058,-0.245
15.061,-0.235
15.064,-0.24
15.067,-0.245
15.069,-0.265
15.072,-0.25
15.075,-0.24
15.078,-0.25
15.081,-0.24
15.083,-0.24
15.086,-0.24
15.089,-0.225
15.092,-0.215
15.094,-0.215
15.097,-0.225
15.1,-0.24
15.103,-0.255
15.106,-0.23
15.108,-0.21
15.111,-0.21
15.114,-0.23
15.117,-0.245
15.119,-0.24
15.122,-0.235
15.125,-0.22
15.128,-0.225
15.131,-0.23
15.133,-0.245
15.136,-0.26
15.139,-0.245
15.142,-0.24
15.144,-0.235
15.147,-0.24
15.15,-0.245
15.153,-0.24
15.156,-0.23
15.158,-0.225
15.161,-0.22
15.164,-0.23
15.167,-0.255
15.169,-0.24
15.172,-0.23
15.175,-0.22
15.178,-0.24
15.181,-0.25
15.183,-0.245
15.186,-0.255
15.189,-0.25
15.192,-0.24
15.194,-0.235
15.197,-0.245
15.2,-0.245
15.203,-0.25
15.206,-0.245
15.208,-0.23
15.211,-0.24
15.214,-0.245
15.217,-0.25
15.219,-0.255
15.222,-0.245
15.225,-0.215
15.228,-0.23
15.231,-0.235
15.233,-0.25
15.236,-0.245
15.239,-0.24
15.242,-0.23
15.244,-0.235
15.247,-0.25
15.25,-0.275
15.253,-0.27
15.256,-0.265
15.258,-0.235
15.261,-0.24
15.264,-0.245
15.267,-0.245
15.269,-0.235
15.272,-0.23
15.275,-0.225
15.278,-0.23
15.281,-0.25
15.283,-0.24
15.286,-0.235
15.289,-0.23
15.292,-0.235
15.294,-0.225
15.297,-0.225
15.3,-0.225
15.303,-0.205
15.306,-0.165
15.308,-0.115
15.311,-0.09
15.314,-0.085
15.317,-0.1
15.319,-0.125
15.322,-0.125
15.325,-0.12
15.328,-0.12
15.331,-0.13
15.333,-0.15
15.336,-0.16
15.339,-0.155
15.342,-0.15
15.344,-0.155
15.347,-0.16
15.35,-0.175
15.353,-0.195
15.356,-0.19
15.358,-0.185
15.361,-0.19
15.364,-0.225
15.367,-0.25
15.369,-0.26
15.372,-0.26
15.375,-0.255
15.378,-0.265
15.381,-0.26
15.383,-0.265
15.386,-0.27
15.389,-0.275
15.392,-0.28
15.394,-0.285
15.397,-0.285
15.4,-0.29
15.403,-0.295
15.406,-0.285
15.408,-0.28
15.411,-0.285
15.414,-0.285
15.417,-0.3
15.419,-0.315
15.422,-0.3
15.425,-0.28
15.428,-0.28
15.431,-0.305
15.433,-0.325
15.436,-0.36
15.439,-0.385
15.442,-0.4
15.444,-0.405
15.447,-0.34
15.45,-0.21
15.453,-0.015
15.456,0.23
15.458,0.495
15.461,0.81
15.464,1.07
15.467,1.18
15.469,1.04
15.472,0.775
15.475,0.505
15.478,0.265
15.481,0.075
15.483,0.01
15.486,0.0
15.489,-0.025
15.492,-0.06
15.494,-0.1
15.497,-0.12
15.5,-0.165
15.503,-0.225
15.506,-0.265
15.508,-0.29
15.511,-0.325
15.514,-0.36
15.517,-0.375
15.519,-0.375
15.522,-0.385
15.525,-0.385
15.528,-0.39
15.531,-0.39
15.533,-0.405
15.536,-0.415
15.539,-0.42
15.542,-0.4
15.544,-0.395
15.547,-0.41
15.55,-0.41
15.553,-0.42
15.556,-0.41
15.558,-0.4
15.561,-0.395
15.564,-0.42
15.567,-0.42
15.569,-0.42
15.572,-0.395
15.575,-0.4
15.578,-0.39
15.581,-0.4
15.583,-0.41
15.586,-0.4
15.589,-0.39
15.592,-0.38
15.594,-0.37
15.597,-0.39
15.6,-0.405
15.603,-0.41
15.606,-0.415
15.608,-0.395
15.611,-0.4
15.614,-0.41
15.617,-0.395
15.619,-0.41
15.622,-0.4
15.625,-0.405
15.628,-0.405
15.631,-0.405
15.633,-0.405
15.636,-0.405
15.639,-0.39
15.642,-0.365
15.644,-0.365
15.647,-0.38
15.65,-0.37
15.653,-0.39
15.656,-0.4
15.658,-0.37
15.661,-0.375
15.664,-0.37
15.667,-0.365
15.669,-0.37
15.672,-0.37
15.675,-0.37
15.678,-0.34
15.681,-0.345
15.683,-0.34
15.686,-0.335
15.689,-0.32
15.692,-0.31
15.694,-0.305
15.697,-0.295
15.7,-0.295
15.703,-0.29
15.706,-0.285
15.708,-0.27
15.711,-0.255
15.714,-0.26
15.717,-0.26
15.719,-0.26
15.722,-0.25
15.725,-0.235
15.728,-0.225
15.731,-0.225
15.733,-0.21
15.736,-0.195
15.739,-0.17
15.742,-0.155
15.744,-0.15
15.747,-0.15
15.75,-0.16
15.753,-0.155
15.756,-0.145
15.758,-0.14
15.761,-0.125
15.764,-0.125
15.767,-0.125
15.769,-0.125
15.772,-0.13
15.775,-0.125
15.778,-0.11
15.781,-0.12
15.783,-0.145
15.786,-0.16
15.789,-0.145
15.792,-0.16
15.794,-0.165
15.797,-0.195
15.8,-0.205
15.803,-0.22
15.806,-0.22
15.808,-0.23
15.811,-0.225
15.814,-0.235
15.817,-0.255
15.819,-0.27
15.822,-0.285
15.825,-0.265
15.828,-0.285
15.831,-0.3
15.833,-0.315
15.836,-0.31
15.839,-0.31
15.842,-0.305
15.844,-0.31
15.847,-0.31
15.85,-0.33
15.853,-0.345
15.856,-0.33
15.858,-0.325
15.861,-0.33
15.864,-0.325
15.867,-0.33
15.869,-0.325
15.872,-0.32
15.875,-0.315
15.878,-0.31
15.881,-0.325
15.883,-0.325
15.886,-0.33
15.889,-0.31
15.892,-0.31
15.894,-0.31
15.897,-0.33
15.9,-0.33
15.903,-0.335
15.906,-0.33
15.908,-0.315
15.911,-0.32
15.914,-0.325
15.917,-0.335
15.919,-0.335
15.922,-0.32
15.925,-0.315
15.928,-0.305
15.931,-0.315
15.933,-0.32
15.936,-0.33
15.939,-0.33
15.942,-0.31
15.944,-0.3
15.947,-0.305
15.95,-0.32
15.953,-0.32
15.956,-0.31
15.958,-0.29
15.961,-0.285
15.964,-0.295
15.967,-0.315
15.969,-0.325
15.972,-0.32
15.975,-0.305
15.978,-0.305
15.981,-0.31
15.983,-0.32
15.986,-0.315
15.989,-0.32
15.992,-0.3
15.994,-0.285
15.997,-0.295
16.0,-0.31
16.003,-0.325
16.006,-0.32
16.008,-0.305
16.011,-0.295
16.014,-0.295
16.017,-0.305
16.019,-0.31
16.022,-0.31
16.025,-0.305
16.028,-0.315
16.031,-0.33
16.033,-0.33
16.036,-0.32
16.039,-0.305
16.042,-0.31
16.044,-0.305
16.047,-0.315
16.05,-0.34
16.053,-0.345
16.056,-0.31
16.058,-0.31
16.061,-0.31
16.064,-0.31
16.067,-0.32
16.069,-0.33
16.072,-0.315
16.075,-0.315
16.078,-0.31
16.081,-0.325
16.083,-0.32
16.086,-0.33
16.089,-0.34
16.092,-0.33
16.094,-0.325
16.097,-0.33
16.1,-0.335
16.103,-0.345
16.106,-0.33
16.108,-0.325
16.111,-0.335
16.114,-0.32
16.117,-0.345
16.119,-0.34
16.122,-0.325
16.125,-0.305
16.128,-0.31
16.131,-0.32
16.133,-0.335
16.136,-0.345
16.139,-0.34
16.142,-0.335
16.144,-0.31
16.147,-0.32
16.15,-0.335
16.153,-0.345
16.156,-0.34
16.158,-0.32
16.161,-0.315
16.164,-0.32
16.167,-0.32
16.169,-0.33
16.172,-0.315
16.175,-0.31
16.178,-0.3
16.181,-0.305
16.183,-0.305
16.186,-0.305
16.189,-0.29
16.192,-0.27
16.194,-0.27
16.197,-0.28
16.2,-0.275
16.203,-0.28
16.206,-0.255
16.208,-0.245
16.211,-0.24
16.214,-0.235
16.217,-0.2
16.219,-0.185
16.222,-0.145
16.225,-0.11
16.228,-0.105
16.231,-0.115
16.233,-0.14
16.236,-0.175
16.239,-0.185
16.242,-0.175
16.244,-0.18
16.247,-0.195
16.25,-0.215
16.253,-0.22
16.256,-0.22
16.258,-0.215
16.261,-0.22
16.264,-0.235
16.267,-0.25
16.269,-0.265
16.272,-0.265
16.275,-0.265
16.278,-0.275
16.281,-0.325
16.283,-0.355
16.286,-0.355
16.289,-0.345
16.292,-0.32
16.294,-0.33
16.297,-0.365
16.3,-0.385
16.303,-0.385
16.306,-0.37
16.308,-0.365
16.311,-0.36
16.314,-0.365
16.317,-0.37
16.319,-0.385
16.322,-0.385
16.325,-0.395
16.328,-0.405
16.331,-0.41
16.333,-0.4
16.336,-0.395
16.339,-0.405
16.342,-0.395
16.344,-0.405
16.347,-0.435
16.35,-0.44
16.353,-0.435
16.356,-0.435
16.358,-0.425
16.361,-0.43
16.364,-0.405
16.367,-0.285
16.369,-0.11
16.372,0.075
16.375,0.315
16.378,0.62
16.381,0.865
16.383,0.94
16.386,0.785
16.389,0.54
16.392,0.3
16.394,0.09
16.397,-0.1
16.4,-0.18
16.403,-0.175
16.406,-0.18
16.408,-0.21
16.411,-0.235
16.414,-0.275
16.417,-0.32
16.419,-0.37
16.422,-0.4
16.425,-0.43
16.428,-0.475
16.431,-0.5
16.433,-0.53
16.436,-0.535
16.439,-0.515
16.442,-0.505
16.444,-0.515
16.447,-0.535
16.45,-0.56
16.453,-0.55
16.456,-0.535
16.458,-0.515
16.461,-0.53
16.464,-0.545
16.467,-0.555
16.469,-0.555
16.472,-0.54
16.475,-0.545
16.478,-0.535
16.481,-0.535
16.483,-0.54
16.486,-0.555
16.489,-0.54
16.492,-0.54
16.494,-0.52
16.497,-0.525
16.5,-0.55
16.503,-0.555
16.506,-0.55
16.508,-0.53
16.511,-0.52
16.514,-0.505
16.517,-0.52
16.519,-0.55
16.522,-0.56
16.525,-0.545
16.528,-0.53
16.531,-0.535
16.533,-0.535
16.536,-0.55
16.539,-0.555
16.542,-0.54
16.544,-0.54
16.547,-0.54
16.55,-0.545
16.553,-0.55
16.556,-0.535
16.558,-0.53
16.561,-0.525
16.564,-0.505
16.567,-0.505
16.569,-0.525
16.572,-0.555
16.575,-0.54
16.578,-0.51
16.581,-0.495
16.583,-0.525
16.586,-0.52
16.589,-0.515
16.592,-0.5
16.594,-0.485
16.597,-0.49
16.6,-0.495
16.603,-0.495
16.606,-0.485
16.608,-0.47
16.611,-0.465
16.614,-0.475
16.617,-0.47
16.619,-0.47
16.622,-0.445
16.625,-0.435
16.628,-0.445
16.631,-0.46
16.633,-0.465
16.636,-0.44
16.639,-0.425
16.642,-0.4
16.644,-0.395
16.647,-0.395
16.65,-0.385
16.653,-0.4
16.656,-0.375
16.658,-0.36
16.661,-0.345
16.664,-0.345
16.667,-0.35
16.669,-0.35
16.672,-0.34
16.675,-0.325
16.678,-0.315
16.681,-0.315
16.683,-0.305
16.686,-0.32
16.689,-0.305
16.692,-0.3
16.694,-0.28
16.697,-0.28
16.7,-0.29
16.703,-0.305
16.706,-0.295
16.708,-0.29
16.711,-0.295
16.714,-0.31
16.717,-0.32
16.719,-0.33
16.722,-0.325
16.725,-0.33
16.728,-0.345
16.731,-0.365
16.733,-0.385
16.736,-0.4
16.739,-0.39
16.742,-0.385
16.744,-0.385
16.747,-0.395
16.75,-0.415
16.753,-0.43
16.756,-0.435
16.758,-0.43
16.761,-0.44
16.764,-0.43
16.767,-0.445
16.769,-0.455
16.772,-0.44
16.775,-0.425
16.778,-0.44
16.781,-0.455
16.783,-0.465
16.786,-0.47
16.789,-0.465
16.792,-0.445
16.794,-0.455
16.797,-0.45
16.8,-0.45
16.803,-0.45
16.806,-0.425
16.808,-0.43
16.811,-0.43
16.814,-0.425
16.817,-0.44
16.819,-0.45
16.822,-0.445
16.825,-0.44
16.828,-0.425
16.831,-0.42
16.833,-0.41
16.836,-0.42
16.839,-0.43
16.842,-0.41
16.844,-0.41
16.847,-0.405
16.85,-0.4
16.853,-0.405
16.856,-0.38
16.858,-0.385
16.861,-0.39
16.864,-0.39
16.867,-0.385
16.869,-0.385
16.872,-0.365
16.875,-0.365
16.878,-0.365
16.881,-0.38
16.883,-0.37
16.886,-0.365
16.889,-0.36
16.892,-0.365
16.894,-0.36
16.897,-0.365
16.9,-0.365
16.903,-0.36
16.906,-0.365
16.908,-0.345
16.911,-0.345
16.914,-0.36
16.917,-0.36
16.919,-0.355
16.922,-0.355
16.925,-0.345
16.928,-0.33
16.931,-0.33
16.933,-0.335
16.936,-0.345
16.939,-0.34
16.942,-0.335
16.944,-0.35
16.947,-0.355
16.95,-0.36
16.953,-0.35
16.956,-0.335
16.958,-0.345
16.961,-0.345
16.964,-0.355
16.967,-0.36
16.969,-0.36
16.972,-0.345
16.975,-0.345
16.978,-0.34
16.981,-0.35
16.983,-0.355
16.986,-0.36
16.989,-0.355
16.992,-0.34
16.994,-0.345
16.997,-0.34
17.0,-0.355
17.003,-0.345
17.006,-0.345
17.008,-0.325
17.011,-0.34
17.014,-0.35
17.017,-0.365
17.019,-0.355
17.022,-0.345
17.025,-0.335
17.028,-0.325
17.031,-0.335
17.033,-0.35
17.036,-0.365
17.039,-0.355
17.042,-0.34
17.044,-0.33
17.047,-0.33
17.05,-0.335
17.053,-0.345
17.056,-0.36
17.058,-0.345
17.061,-0.33
17.064,-0.325
17.067,-0.35
17.069,-0.345
17.072,-0.33
17.075,-0.32
17.078,-0.335
17.081,-0.325
17.083,-0.325
17.086,-0.33
17.089,-0.315
17.092,-0.305
17.094,-0.305
17.097,-0.295
17.1,-0.305
17.103,-0.305
17.106,-0.29
17.108,-0.28
17.111,-0.285
17.114,-0.285
17.117,-0.275
17.119,-0.25
17.122,-0.225
17.125,-0.2
17.128,-0.18
17.131,-0.135
17.133,-0.13
17.136,-0.16
17.139,-0.16
17.142,-0.17
17.144,-0.155
17.147,-0.165
17.15,-0.18
17.153,-0.2
17.156,-0.205
17.158,-0.2
17.161,-0.2
17.164,-0.21
17.167,-0.205
17.169,-0.21
17.172,-0.22
17.175,-0.225
17.178,-0.23
17.181,-0.25
17.183,-0.27
17.186,-0.29
17.189,-0.3
17.192,-0.295
17.194,-0.29
17.197,-0.295
17.2,-0.305
17.203,-0.315
17.206,-0.31
17.208,-0.305
17.211,-0.3
17.214,-0.31
17.217,-0.32
17.219,-0.32
17.222,-0.33
17.225,-0.29
17.228,-0.305
17.231,-0.315
17.233,-0.32
17.236,-0.32
17.239,-0.3
17.242,-0.3
17.244,-0.295
17.247,-0.3
17.25,-0.325
17.253,-0.35
17.256,-0.365
17.258,-0.385
17.261,-0.39
17.264,-0.36
17.267,-0.295
17.269,-0.12
17.272,0.1
17.275,0.335
17.278,0.63
17.281,0.94
17.283,1.135
17.286,1.11
17.289,0.9
17.292,0.63
17.294,0.385
17.297,0.16
17.3,0.02
17.303,-0.015
17.306,-0.03
17.308,-0.075
17.311,-0.105
17.314,-0.13
17.317,-0.17
17.319,-0.205
17.322,-0.22
17.325,-0.255
17.328,-0.285
17.331,-0.325
17.333,-0.31
17.336,-0.325
17.339,-0.33
17.342,-0.32
17.344,-0.335
17.347,-0.33
17.35,-0.34
17.353,-0.36
17.356,-0.35
17.358,-0.345
17.361,-0.335
17.364,-0.335
17.367,-0.335
17.369,-0.33
17.372,-0.335
17.375,-0.335
17.378,-0.335
17.381,-0.335
17.383,-0.34
17.386,-0.34
17.389,-0.355
17.392,-0.35
17.394,-0.33
17.397,-0.33
17.4,-0.325
17.403,-0.33
17.406,-0.34
17.408,-0.325
17.411,-0.325
17.414,-0.325
17.417,-0.345
17.419,-0.36
17.422,-0.34
17.425,-0.325
17.428,-0.32
17.431,-0.32
17.433,-0.32
17.436,-0.32
17.439,-0.325
17.442,-0.32
17.444,-0.315
17.447,-0.31
17.45,-0.315
17.453,-0.33
17.456,-0.325
17.458,-0.305
17.461,-0.295
17.464,-0.3
17.467,-0.315
17.469,-0.315
17.472,-0.295
17.475,-0.285
17.478,-0.29
17.481,-0.295
17.483,-0.29
17.486,-0.295
17.489,-0.28
17.492,-0.25
17.494,-0.25
17.497,-0.25
17.5,-0.265
17.503,-0.26
17.506,-0.235
17.508,-0.23
17.511,-0.22
17.514,-0.205
17.517,-0.215
17.519,-0.205
17.522,-0.2
17.525,-0.185
17.528,-0.18
17.531,-0.165
17.533,-0.155
17.536,-0.16
17.539,-0.135
17.542,-0.14
17.544,-0.13
17.547,-0.12
17.55,-0.115
17.553,-0.12
17.556,-0.09
17.558,-0.075
17.561,-0.06
17.564,-0.05
17.567,-0.07
17.569,-0.065
17.572,-0.055
17.575,-0.045
17.578,-0.03
17.581,-0.03
17.583,-0.035
17.586,-0.04
17.589,-0.03
17.592,-0.03
17.594,-0.03
17.597,-0.035
17.6,-0.065
17.603,-0.065
17.606,-0.06
17.608,-0.045
17.611,-0.05
17.614,-0.075
17.617,-0.1
17.619,-0.125
17.622,-0.125
17.625,-0.125
17.628,-0.11
17.631,-0.115
17.633,-0.135
17.636,-0.165
17.639,-0.2
17.642,-0.225
17.644,-0.245
17.647,-0.235
17.65,-0.225
17.653,-0.22
17.656,-0.225
17.658,-0.225
17.661,-0.22
17.664,-0.225
17.667,-0.215
17.669,-0.23
17.672,-0.22
17.675,-0.215
17.678,-0.215
17.681,-0.225
17.683,-0.225
17.686,-0.225
17.689,-0.22
17.692,-0.22
17.694,-0.225
17.697,-0.23
17.7,-0.23
17.703,-0.23
17.706,-0.225
17.708,-0.22
17.711,-0.21
17.714,-0.22
17.717,-0.22
17.719,-0.225
17.722,-0.2
17.725,-0.195
17.728,-0.18
17.731,-0.19
17.733,-0.215
17.736,-0.22
17.739,-0.215
17.742,-0.195
17.744,-0.2
17.747,-0.195
17.75,-0.2
17.753,-0.195
17.756,-0.205
17.758,-0.2
17.761,-0.19
17.764,-0.2
17.767,-0.2
17.769,-0.21
17.772,-0.205
17.775,-0.205
17.778,-0.2
17.781,-0.195
17.783,-0.18
17.786,-0.195
17.789,-0.2
17.792,-0.18
17.794,-0.165
17.797,-0.175
17.8,-0.18
17.803,-0.2
17.806,-0.2
17.808,-0.195
17.811,-0.195
17.814,-0.195
17.817,-0.215
17.819,-0.215
17.822,-0.205
17.825,-0.205
17.828,-0.205
17.831,-0.21
17.833,-0.21
17.836,-0.22
17.839,-0.21
17.842,-0.21
17.844,-0.2
17.847,-0.2
17.85,-0.215
17.853,-0.23
17.856,-0.22
17.858,-0.215
17.861,-0.225
17.864,-0.215
17.867,-0.215
17.869,-0.22
17.872,-0.205
17.875,-0.195
17.878,-0.195
17.881,-0.205
17.883,-0.22
17.886,-0.23
17.889,-0.215
17.892,-0.2
17.894,-0.205
17.897,-0.22
17.9,-0.215
17.903,-0.215
17.906,-0.205
17.908,-0.2
17.911,-0.205
17.914,-0.2
17.917,-0.205
17.919,-0.225
17.922,-0.22
17.925,-0.22
17.928,-0.215
17.931,-0.22
17.933,-0.23
17.936,-0.24
17.939,-0.225
17.942,-0.205
17.944,-0.205
17.947,-0.195
17.95,-0.195
17.953,-0.2
17.956,-0.195
17.958,-0.19
17.961,-0.17
17.964,-0.165
17.967,-0.17
17.969,-0.18
17.972,-0.165
17.975,-0.155
17.978,-0.15
17.981,-0.14
17.983,-0.12
17.986,-0.115
17.989,-0.06
17.992,-0.03
17.994,-0.03
17.997,-0.06
18.0,-0.085
18.003,-0.08
18.006,-0.065
18.008,-0.075
18.011,-0.09
18.014,-0.105
18.017,-0.11
18.019,-0.115
18.022,-0.11
18.025,-0.115
18.028,-0.12
18.031,-0.12
18.033,-0.145
18.036,-0.175
18.039,-0.18
18.042,-0.205
18.044,-0.21
18.047,-0.215
18.05,-0.215
18.053,-0.22
18.056,-0.215
18.058,-0.23
18.061,-0.23
18.064,-0.23
18.067,-0.25
18.069,-0.255
18.072,-0.255
18.075,-0.245
18.078,-0.235
18.081,-0.235
18.083,-0.245
18.086,-0.265
18.089,-0.265
18.092,-0.26
18.094,-0.25
18.097,-0.25
18.1,-0.265
18.103,-0.305
18.106,-0.325
18.108,-0.345
18.111,-0.33
18.114,-0.28
18.117,-0.15
18.119,0.05
18.122,0.315
18.125,0.63
18.128,0.98
18.131,1.21
18.133,1.2
18.136,0.92
18.139,0.605
18.142,0.355
18.144,0.155
18.147,0.075
18.15,0.07
18.153,0.05
18.156,0.015
18.158,-0.015
18.161,-0.065
18.164,-0.115
18.167,-0.17
18.169,-0.24
18.172,-0.265
18.175,-0.29
18.178,-0.29
18.181,-0.29
18.183,-0.3
18.186,-0.325
18.189,-0.32
18.192,-0.315
18.194,-0.315
18.197,-0.315
18.2,-0.33
18.203,-0.34
18.206,-0.34
18.208,-0.34
18.211,-0.33
18.214,-0.335
18.217,-0.325
18.219,-0.345
18.222,-0.335
18.225,-0.335
18.228,-0.34
18.231,-0.335
18.233,-0.345
18.236,-0.345
18.239,-0.325
18.242,-0.305
18.244,-0.31
18.247,-0.305
18.25,-0.31
18.253,-0.31
18.256,-0.32
18.258,-0.33
18.261,-0.335
18.264,-0.33
18.267,-0.315
18.269,-0.335
18.272,-0.345
18.275,-0.35
18.278,-0.34
18.281,-0.34
18.283,-0.34
18.286,-0.355
18.289,-0.345
18.292,-0.34
18.294,-0.335
18.297,-0.315
18.3,-0.33
18.303,-0.335
18.306,-0.325
18.308,-0.33
18.311,-0.31
18.314,-0.305
18.317,-0.305
18.319,-0.305
18.322,-0.315
18.325,-0.3
18.328,-0.285
18.331,-0.29
18.333,-0.29
18.336,-0.29
18.339,-0.27
18.342,-0.26
18.344,-0.255
18.347,-0.26
18.35,-0.265
18.353,-0.255
18.356,-0.24
18.358,-0.21
18.361,-0.215
18.364,-0.21
18.367,-0.21
18.369,-0.205
18.372,-0.18
18.375,-0.16
18.378,-0.145
18.381,-0.135
18.383,-0.165
18.386,-0.15
18.389,-0.125
18.392,-0.115
18.394,-0.08
18.397,-0.08
18.4,-0.085
18.403,-0.095
18.406,-0.095
18.408,-0.065
18.411,-0.06
18.414,-0.05
18.417,-0.045
18.419,-0.05
18.422,-0.035
18.425,-0.03
18.428,-0.04
18.431,-0.04
18.433,-0.05
18.436,-0.065
18.439,-0.075
18.442,-0.07
18.444,-0.06
18.447,-0.07
18.45,-0.085
18.453,-0.105
18.456,-0.115
18.458,-0.125
18.461,-0.12
18.464,-0.14
18.467,-0.175
18.469,-0.18
18.472,-0.175
18.475,-0.175
18.478,-0.165
18.481,-0.19
18.483,-0.205
18.486,-0.225
18.489,-0.225
18.492,-0.215
18.494,-0.215
18.497,-0.225
18.5,-0.22
18.503,-0.235
18.506,-0.235
18.508,-0.235
18.511,-0.24
18.514,-0.235
18.517,-0.235
18.519,-0.245
18.522,-0.235
18.525,-0.23
18.528,-0.225
18.531,-0.24
18.533,-0.25
18.536,-0.25
18.539,-0.24
18.542,-0.23
18.544,-0.235
18.547,-0.245
18.55,-0.24
18.553,-0.24
18.556,-0.23
18.558,-0.215
18.561,-0.225
18.564,-0.22
18.567,-0.23
18.569,-0.235
18.572,-0.235
18.575,-0.215
18.578,-0.205
18.581,-0.21
18.583,-0.21
18.586,-0.215
18.589,-0.22
18.592,-0.22
18.594,-0.215
18.597,-0.225
18.6,-0.23
18.603,-0.235
18.606,-0.23
18.608,-0.23
18.611,-0.22
18.614,-0.225
18.617,-0.225
18.619,-0.235
18.622,-0.225
18.625,-0.215
18.628,-0.215
18.631,-0.22
18.633,-0.24
18.636,-0.24
18.639,-0.23
18.642,-0.22
18.644,-0.22
18.647,-0.225
18.65,-0.22
18.653,-0.23
18.656,-0.23
18.658,-0.225
18.661,-0.23
18.664,-0.225
18.667,-0.23
18.669,-0.235
18.672,-0.225
18.675,-0.23
18.678,-0.225
18.681,-0.225
18.683,-0.215
18.686,-0.22
18.689,-0.22
18.692,-0.22
18.694,-0.215
18.697,-0.225
18.7,-0.215
18.703,-0.22
18.706,-0.22
18.708,-0.21
18.711,-0.205
18.714,-0.205
18.717,-0.2
18.719,-0.21
18.722,-0.22
18.725,-0.22
18.728,-0.215
18.731,-0.23
18.733,-0.24
18.736,-0.25
18.739,-0.24
18.742,-0.225
18.744,-0.22
18.747,-0.215
18.75,-0.22
18.753,-0.245
18.756,-0.245
18.758,-0.23
18.761,-0.235
18.764,-0.235
18.767,-0.235
18.769,-0.24
18.772,-0.225
18.775,-0.205
18.778,-0.21
18.781,-0.245
18.783,-0.24
18.786,-0.25
18.789,-0.225
18.792,-0.21
18.794,-0.205
18.797,-0.22
18.8,-0.22
18.803,-0.24
18.806,-0.225
18.808,-0.2
18.811,-0.185
18.814,-0.2
18.817,-0.205
18.819,-0.195
18.822,-0.165
18.825,-0.135
18.828,-0.105
18.831,-0.075
18.833,-0.065
18.836,-0.085
18.839,-0.105
18.842,-0.1
18.844,-0.095
18.847,-0.115
18.85,-0.125
18.853,-0.145
18.856,-0.15
18.858,-0.15
18.861,-0.15
18.864,-0.155
18.867,-0.16
18.869,-0.18
18.872,-0.2
18.875,-0.21
18.878,-0.225
18.881,-0.225
18.883,-0.23
18.886,-0.24
18.889,-0.255
18.892,-0.26
18.894,-0.265
18.897,-0.265
18.9,-0.28
18.903,-0.285
18.906,-0.285
18.908,-0.285
18.911,-0.275
18.914,-0.29
18.917,-0.295
18.919,-0.3
18.922,-0.28
18.925,-0.285
18.928,-0.275
18.931,-0.28
18.933,-0.285
18.936,-0.3
18.939,-0.305
18.942,-0.32
18.944,-0.345
18.947,-0.36
18.95,-0.365
18.953,-0.32
18.956,-0.145
18.958,0.045
18.961,0.28
18.964,0.58
18.967,0.92
18.969,1.16
18.972,1.18
18.975,0.955
18.978,0.65
18.981,0.36
18.983,0.135
18.986,0.025
18.989,0.025
18.992,0.005
18.994,-0.015
18.997,-0.055
19.0,-0.1
19.003,-0.15
19.006,-0.185
19.008,-0.225
19.011,-0.245
19.014,-0.3
19.017,-0.33
19.019,-0.34
19.022,-0.35
19.025,-0.345
19.028,-0.33
19.031,-0.34
19.033,-0.35
19.036,-0.37
19.039,-0.37
19.042,-0.37
19.044,-0.35
19.047,-0.365
19.05,-0.365
19.053,-0.375
19.056,-0.385
19.058,-0.375
19.061,-0.355
19.064,-0.36
19.067,-0.375
19.069,-0.39
19.072,-0.39
19.075,-0.38
19.078,-0.365
19.081,-0.375
19.083,-0.37
19.086,-0.38
19.089,-0.365
19.092,-0.375
19.094,-0.36
19.097,-0.365
19.1,-0.375
19.103,-0.38
19.106,-0.37
19.108,-0.37
19.111,-0.365
19.114,-0.38
19.117,-0.375
19.119,-0.385
19.122,-0.37
19.125,-0.365
19.128,-0.355
19.131,-0.365
19.133,-0.365
19.136,-0.395
19.139,-0.375
19.142,-0.37
19.144,-0.345
19.147,-0.35
19.15,-0.355
19.153,-0.37
19.156,-0.355
19.158,-0.35
19.161,-0.335
19.164,-0.335
19.167,-0.345
19.169,-0.345
19.172,-0.33
19.175,-0.33
19.178,-0.32
19.181,-0.325
19.183,-0.31
19.186,-0.31
19.189,-0.3
19.192,-0.29
19.194,-0.275
19.197,-0.27
19.2,-0.275
19.203,-0.28
19.206,-0.26
19.208,-0.25
19.211,-0.225
19.214,-0.23
19.217,-0.23
19.219,-0.23
19.222,-0.21
19.225,-0.195
19.228,-0.18
19.231,-0.155
19.233,-0.145
19.236,-0.145
19.239,-0.14
19.242,-0.145
19.244,-0.145
19.247,-0.14
19.25,-0.13
19.253,-0.13
19.256,-0.13
19.258,-0.115
19.261,-0.105
19.264,-0.11
19.267,-0.105
19.269,-0.125
19.272,-0.13
19.275,-0.115
19.278,-0.11
19.281,-0.105
19.283,-0.12
19.286,-0.14
19.289,-0.16
19.292,-0.16
19.294,-0.16
19.297,-0.175
19.3,-0.205
19.303,-0.215
19.306,-0.22
19.308,-0.215
19.311,-0.235
19.314,-0.25
19.317,-0.25
19.319,-0.285
19.322,-0.28
19.325,-0.27
19.328,-0.265
19.331,-0.275
19.333,-0.285
19.336,-0.29
19.339,-0.29
19.342,-0.29
19.344,-0.285
19.347,-0.295
19.35,-0.305
19.353,-0.315
19.356,-0.315
19.358,-0.305
19.361,-0.29
19.364,-0.29
19.367,-0.3
19.369,-0.31
19.372,-0.31
19.375,-0.295
19.378,-0.295
19.381,-0.3
19.383,-0.305
19.386,-0.31
19.389,-0.3
19.392,-0.3
19.394,-0.29
19.397,-0.29
19.4,-0.305
19.403,-0.31
19.406,-0.31
19.408,-0.295
19.411,-0.28
19.414,-0.285
19.417,-0.285
19.419,-0.305
19.422,-0.31
19.425,-0.3
19.428,-0.285
19.431,-0.315
19.433,-0.315
19.436,-0.315
19.439,-0.315
19.442,-0.32
19.444,-0.3
19.447,-0.29
19.45,-0.295
19.453,-0.31
19.456,-0.305
19.458,-0.305
19.461,-0.29
19.464,-0.305
19.467,-0.31
19.469,-0.315
19.472,-0.315
19.475,-0.315
19.478,-0.295
19.481,-0.29
19.483,-0.29
19.486,-0.305
19.489,-0.31
19.492,-0.31
19.494,-0.305
19.497,-0.305
19.5,-0.31
19.503,-0.325
19.506,-0.325
19.508,-0.31
19.511,-0.3
19.514,-0.295
19.517,-0.305
19.519,-0.325
19.522,-0.32
19.525,-0.3
19.528,-0.3
19.531,-0.3
19.533,-0.315
19.536,-0.31
19.539,-0.315
19.542,-0.31
19.544,-0.3
19.547,-0.295
19.55,-0.31
19.553,-0.33
19.556,-0.32
19.558,-0.31
19.561,-0.3
19.564,-0.305
19.567,-0.32
19.569,-0.315
19.572,-0.315
19.575,-0.32
19.578,-0.305
19.581,-0.295
19.583,-0.305
19.586,-0.32
19.589,-0.315
19.592,-0.31
19.594,-0.3
19.597,-0.295
19.6,-0.31
19.603,-0.335
19.606,-0.33
19.608,-0.325
19.611,-0.315
19.614,-0.32
19.617,-0.33
19.619,-0.34
19.622,-0.34
19.625,-0.315
19.628,-0.3
19.631,-0.31
19.633,-0.31
19.636,-0.315
19.639,-0.305
19.642,-0.305
19.644,-0.3
19.647,-0.305
19.65,-0.3
19.653,-0.31
19.656,-0.29
19.658,-0.275
19.661,-0.275
19.664,-0.28
19.667,-0.285
19.669,-0.305
19.672,-0.295
19.675,-0.275
19.678,-0.25
19.681,-0.225
19.683,-0.21
19.686,-0.175
19.689,-0.155
19.692,-0.15
19.694,-0.16
19.697,-0.17
19.7,-0.185
19.703,-0.19
19.706,-0.2
19.708,-0.2
19.711,-0.205
19.714,-0.21
19.717,-0.23
19.719,-0.23
19.722,-0.235
19.725,-0.235
19.728,-0.24
19.731,-0.26
19.733,-0.26
19.736,-0.275
19.739,-0.295
19.742,-0.315
19.744,-0.32
19.747,-0.335
19.75,-0.34
19.753,-0.35
19.756,-0.34
19.758,-0.33
19.761,-0.335
19.764,-0.34
19.767,-0.345
19.769,-0.365
19.772,-0.36
19.775,-0.355
19.778,-0.355
19.781,-0.355
19.783,-0.385
19.786,-0.38
19.789,-0.39
19.792,-0.37
19.794,-0.36
19.797,-0.36
19.8,-0.37
19.803,-0.37
19.806,-0.385
19.808,-0.395
19.811,-0.42
19.814,-0.44
19.817,-0.455
19.819,-0.445
19.822,-0.325
19.825,-0.14
19.828,0.085
19.831,0.345
19.833,0.655
19.836,0.935
19.839,1.06
19.842,0.955
19.844,0.68
19.847,0.38
19.85,0.12
19.853,-0.045
19.856,-0.08
19.858,-0.085
19.861,-0.11
19.864,-0.15
19.867,-0.185
19.869,-0.235
19.872,-0.285
19.875,-0.32
19.878,-0.36
19.881,-0.39
19.883,-0.415
19.886,-0.435
19.889,-0.445
19.892,-0.435
19.894,-0.435
19.897,-0.455
19.9,-0.465
19.903,-0.47
19.906,-0.47
19.908,-0.47
19.911,-0.475
19.914,-0.48
19.917,-0.47
19.919,-0.485
19.922,-0.485
19.925,-0.48
19.928,-0.47
19.931,-0.47
19.933,-0.475
19.936,-0.47
19.939,-0.475
19.942,-0.47
19.944,-0.47
19.947,-0.465
19.95,-0.475
19.953,-0.48
19.956,-0.485
19.958,-0.485
19.961,-0.465
19.964,-0.475
19.967,-0.49
19.969,-0.49
19.972,-0.49
19.975,-0.485
19.978,-0.47
19.981,-0.435
19.983,-0.455
19.986,-0.46
19.989,-0.475
19.992,-0.47
19.994,-0.465
19.997,-0.475
20.0,-0.485
20.003,-0.49
20.006,-0.48
20.008,-0.465
20.011,-0.45
20.014,-0.465
20.017,-0.485
20.019,-0.49
20.022,-0.455
20.025,-0.455
20.028,-0.44
20.031,-0.44
20.033,-0.45
20.036,-0.455
20.039,-0.43
20.042,-0.44
20.044,-0.44
20.047,-0.42
20.05,-0.435
20.053,-0.435
20.056,-0.43
20.058,-0.405
20.061,-0.395
20.064,-0.395
20.067,-0.395
20.069,-0.405
20.072,-0.385
20.075,-0.375
20.078,-0.355
20.081,-0.36
20.083,-0.355
20.086,-0.36
20.089,-0.345
20.092,-0.325
20.094,-0.31
20.097,-0.305
20.1,-0.3
20.103,-0.3
20.106,-0.29
20.108,-0.27
20.111,-0.26
20.114,-0.25
20.117,-0.255
20.119,-0.26
20.122,-0.255
20.125,-0.235
20.128,-0.215
20.131,-0.215
20.133,-0.225
20.136,-0.22
20.139,-0.22
20.142,-0.205
20.144,-0.205
20.147,-0.2
20.15,-0.21
20.153,-0.22
20.156,-0.21
20.158,-0.22
20.161,-0.225
20.164,-0.24
20.167,-0.245
20.169,-0.265
20.172,-0.275
20.175,-0.275
20.178,-0.285
20.181,-0.3
20.183,-0.305
20.186,-0.335
20.189,-0.335
20.192,-0.335
20.194,-0.335
20.197,-0.35
20.2,-0.365
20.203,-0.37
20.206,-0.38
20.208,-0.365
20.211,-0.37
20.214,-0.375
20.217,-0.4
20.219,-0.405
20.222,-0.405
20.225,-0.405
20.228,-0.395
20.231,-0.39
20.233,-0.39
20.236,-0.405
20.239,-0.395
20.242,-0.4
20.244,-0.38
20.247,-0.385
20.25,-0.395
20.253,-0.41
20.256,-0.41
20.258,-0.39
20.261,-0.365
20.264,-0.38
20.267,-0.395
20.269,-0.4
20.272,-0.395
20.275,-0.38
20.278,-0.37
20.281,-0.385
20.283,-0.39
20.286,-0.41
20.289,-0.405
20.292,-0.385
20.294,-0.375
20.297,-0.375
20.3,-0.385
20.303,-0.415
20.306,-0.395
20.308,-0.39
20.311,-0.38
20.314,-0.37
20.317,-0.365
20.319,-0.39
20.322,-0.375
20.325,-0.375
20.328,-0.37
20.331,-0.375
20.333,-0.38
20.336,-0.38
20.339,-0.375
20.342,-0.365
20.344,-0.365
20.347,-0.37
20.35,-0.38
20.353,-0.375
20.356,-0.385
20.358,-0.37
20.361,-0.365
20.364,-0.37
20.367,-0.38
20.369,-0.4
20.372,-0.395
20.375,-0.385
20.378,-0.375
20.381,-0.38
20.383,-0.395
20.386,-0.4
20.389,-0.39
20.392,-0.375
20.394,-0.37
20.397,-0.385
20.4,-0.375
20.403,-0.385
20.406,-0.38
20.408,-0.37
20.411,-0.365
20.414,-0.375
20.417,-0.395
20.419,-0.4
20.422,-0.4
20.425,-0.4
20.428,-0.385
20.431,-0.38
20.433,-0.37
20.436,-0.385
20.439,-0.39
20.442,-0.38
20.444,-0.38
20.447,-0.385
20.45,-0.395
20.453,-0.41
20.456,-0.395
20.458,-0.395
20.461,-0.385
20.464,-0.405
20.467,-0.405
20.469,-0.41
20.472,-0.4
20.475,-0.385
20.478,-0.38
20.481,-0.375
20.483,-0.385
20.486,-0.4
20.489,-0.395
20.492,-0.395
20.494,-0.39
20.497,-0.39
20.5,-0.395
20.503,-0.405
20.506,-0.405
20.508,-0.39
20.511,-0.375
20.514,-0.375
20.517,-0.395
20.519,-0.405
20.522,-0.4
20.525,-0.395
20.528,-0.39
20.531,-0.395
20.533,-0.405
20.536,-0.415
20.539,-0.41
20.542,-0.4
20.544,-0.385
20.547,-0.38
20.55,-0.38
20.553,-0.385
20.556,-0.385
20.558,-0.37
20.561,-0.35
20.564,-0.335
20.567,-0.325
20.569,-0.31
20.572,-0.29
20.575,-0.27
20.578,-0.23
20.581,-0.22
20.583,-0.2
20.586,-0.21
20.589,-0.21
20.592,-0.225
20.594,-0.215
20.597,-0.22
20.6,-0.24
20.603,-0.255
20.606,-0.255
20.608,-0.255
20.611,-0.25
20.614,-0.265
20.617,-0.285
20.619,-0.285
20.622,-0.29
20.625,-0.3
20.628,-0.305
20.631,-0.32
20.633,-0.345
20.636,-0.365
20.639,-0.385
20.642,-0.38
20.644,-0.39
20.647,-0.39
20.65,-0.4
20.653,-0.4
20.656,-0.405
20.658,-0.385
20.661,-0.38
20.664,-0.385
20.667,-0.4
20.669,-0.42
20.672,-0.4
20.675,-0.405
20.678,-0.4
20.681,-0.4
20.683,-0.415
20.686,-0.42
20.689,-0.425
20.692,-0.425
20.694,-0.425
20.697,-0.435
20.7,-0.465
20.703,-0.485
20.706,-0.505
20.708,-0.49
20.711,-0.385
20.714,-0.215
20.717,-0.005
20.719,0.235
20.722,0.55
20.725,0.84
20.728,0.95
20.731,0.84
20.733,0.565
20.736,0.3
20.739,0.075
20.742,-0.085
20.744,-0.14
20.747,-0.145
20.75,-0.19
20.753,-0.245
20.756,-0.27
20.758,-0.29
20.761,-0.305
20.764,-0.325
20.767,-0.365
20.769,-0.425
20.772,-0.46
20.775,-0.465
20.778,-0.45
20.781,-0.475
20.783,-0.49
20.786,-0.52
20.789,-0.52
20.792,-0.52
20.794,-0.51
20.797,-0.51
20.8,-0.52
20.803,-0.525
20.806,-0.535
20.808,-0.525
20.811,-0.52
20.814,-0.525
20.817,-0.53
20.819,-0.535
20.822,-0.525
20.825,-0.515
20.828,-0.51
20.831,-0.525
20.833,-0.525
20.836,-0.53
20.839,-0.51
20.842,-0.5
20.844,-0.48
20.847,-0.49
20.85,-0.515
20.853,-0.515
20.856,-0.5
20.858,-0.49
20.861,-0.48
20.864,-0.475
20.867,-0.49
20.869,-0.505
20.872,-0.505
20.875,-0.49
20.878,-0.48
20.881,-0.485
20.883,-0.495
20.886,-0.505
20.889,-0.5
20.892,-0.5
20.894,-0.48
20.897,-0.475
20.9,-0.485
20.903,-0.48
20.906,-0.49
20.908,-0.465
20.911,-0.455
20.914,-0.465
20.917,-0.48
20.919,-0.475
20.922,-0.475
20.925,-0.445
20.928,-0.44
20.931,-0.435
20.933,-0.45
20.936,-0.45
20.939,-0.43
20.942,-0.415
20.944,-0.41
20.947,-0.42
20.95,-0.43
20.953,-0.425
20.956,-0.405
20.958,-0.4
20.961,-0.385
20.964,-0.375
20.967,-0.365
20.969,-0.375
20.972,-0.375
20.975,-0.37
20.978,-0.34
20.981,-0.325
20.983,-0.32
20.986,-0.33
20.989,-0.31
20.992,-0.305
20.994,-0.29
20.997,-0.285
21.0,-0.285
21.003,-0.28
21.006,-0.27
21.008,-0.255
21.011,-0.23
21.014,-0.22
21.017,-0.215
21.019,-0.225
21.022,-0.225
21.025,-0.21
21.028,-0.205
21.031,-0.195
21.033,-0.2
21.036,-0.2
21.039,-0.205
21.042,-0.22
21.044,-0.2
21.047,-0.195
21.05,-0.215
21.053,-0.245
21.056,-0.245
21.058,-0.25
21.061,-0.23
21.064,-0.25
21.067,-0.26
21.069,-0.27
21.072,-0.285
21.075,-0.285
21.078,-0.275
21.081,-0.3
21.083,-0.32
21.086,-0.355
21.089,-0.35
21.092,-0.34
21.094,-0.345
21.097,-0.35
21.1,-0.355
21.103,-0.385
21.106,-0.38
21.108,-0.375
21.111,-0.375
21.114,-0.375
21.117,-0.39
21.119,-0.4
21.122,-0.385
21.125,-0.385
21.128,-0.38
21.131,-0.375
21.133,-0.405
21.136,-0.41
21.139,-0.405
21.142,-0.39
21.144,-0.385
21.147,-0.385
21.15,-0.39
21.153,-0.4
21.156,-0.405
21.158,-0.395
21.161,-0.37
21.164,-0.37
21.167,-0.375
21.169,-0.39
21.172,-0.395
21.175,-0.39
21.178,-0.38
21.181,-0.38
21.183,-0.375
21.186,-0.395
21.189,-0.38
21.192,-0.375
21.194,-0.375
21.197,-0.375
21.2,-0.385
21.203,-0.39
21.206,-0.375
21.208,-0.37
21.211,-0.355
21.214,-0.36
21.217,-0.36
21.219,-0.37
21.222,-0.37
21.225,-0.35
21.228,-0.335
21.231,-0.35
21.233,-0.355
21.236,-0.36
21.239,-0.355
21.242,-0.355
21.244,-0.345
21.247,-0.34
21.25,-0.355
21.253,-0.365
21.256,-0.37
21.258,-0.355
21.261,-0.355
21.264,-0.355
21.267,-0.375
21.269,-0.385
21.272,-0.375
21.275,-0.365
21.278,-0.365
21.281,-0.36
21.283,-0.375
21.286,-0.37
21.289,-0.37
21.292,-0.37
21.294,-0.365
21.297,-0.35
21.3,-0.365
21.303,-0.375
21.306,-0.375
21.308,-0.37
21.311,-0.36
21.314,-0.37
21.317,-0.375
21.319,-0.365
21.322,-0.36
21.325,-0.355
21.328,-0.36
21.331,-0.355
21.333,-0.365
21.336,-0.365
21.339,-0.37
21.342,-0.355
21.344,-0.36
21.347,-0.36
21.35,-0.36
21.353,-0.37
21.356,-0.36
21.358,-0.36
21.361,-0.36
21.364,-0.37
21.367,-0.375
21.369,-0.375
21.372,-0.38
21.375,-0.355
21.378,-0.365
21.381,-0.36
21.383,-0.36
21.386,-0.36
21.389,-0.37
21.392,-0.375
21.394,-0.37
21.397,-0.355
21.4,-0.365
21.403,-0.375
21.406,-0.385
21.408,-0.375
21.411,-0.375
21.414,-0.365
21.417,-0.375
21.419,-0.38
21.422,-0.37
21.425,-0.365
21.428,-0.36
21.431,-0.355
21.433,-0.36
21.436,-0.37
21.439,-0.365
21.442,-0.36
21.444,-0.345
21.447,-0.345
21.45,-0.345
21.453,-0.355
21.456,-0.345
21.458,-0.33
21.461,-0.33
21.464,-0.325
21.467,-0.31
21.469,-0.295
21.472,-0.245
21.475,-0.2
21.478,-0.185
21.481,-0.175
21.483,-0.19
21.486,-0.215
21.489,-0.21
21.492,-0.195
21.494,-0.205
21.497,-0.23
21.5,-0.245
21.503,-0.245
21.506,-0.25
21.508,-0.245
21.511,-0.24
21.514,-0.25
21.517,-0.27
21.519,-0.295
21.522,-0.32
21.525,-0.33
21.528,-0.335
21.531,-0.335
21.533,-0.345
21.536,-0.365
21.539,-0.365
21.542,-0.35
21.544,-0.355
21.547,-0.36
21.55,-0.37
21.553,-0.38
21.556,-0.385
21.558,-0.38
21.561,-0.385
21.564,-0.375
21.567,-0.385
21.569,-0.39
21.572,-0.395
21.575,-0.39
21.578,-0.38
21.581,-0.38
21.583,-0.395
21.586,-0.415
21.589,-0.39
21.592,-0.39
21.594,-0.405
21.597,-0.425
21.6,-0.46
21.603,-0.475
21.606,-0.445
21.608,-0.35
21.611,-0.195
21.614,-0.01
21.617,0.21
21.619,0.495
21.622,0.805
21.625,0.99
21.628,0.9
21.631,0.615
21.633,0.33
21.636,0.095
21.639,-0.04
21.642,-0.09
21.644,-0.09
21.647,-0.125
21.65,-0.165
21.653,-0.19
21.656,-0.23
21.658,-0.26
21.661,-0.295
21.664,-0.365
21.667,-0.405
21.669,-0.425
21.672,-0.435
21.675,-0.45
21.678,-0.455
21.681,-0.46
21.683,-0.465
21.686,-0.48
21.689,-0.495
21.692,-0.495
21.694,-0.485
21.697,-0.485
21.7,-0.495
21.703,-0.5
21.706,-0.505
21.708,-0.495
21.711,-0.49
21.714,-0.48
21.717,-0.485
21.719,-0.495
21.722,-0.51
21.725,-0.495
21.728,-0.495
21.731,-0.49
21.733,-0.5
21.736,-0.505
21.739,-0.505
21.742,-0.49
21.744,-0.5
21.747,-0.505
21.75,-0.495
21.753,-0.5
21.756,-0.5
21.758,-0.49
21.761,-0.48
21.764,-0.475
21.767,-0.485
21.769,-0.495
21.772,-0.49
21.775,-0.49
21.778,-0.49
21.781,-0.49
21.783,-0.505
21.786,-0.5
21.789,-0.5
21.792,-0.495
21.794,-0.485
21.797,-0.475
21.8,-0.475
21.803,-0.495
21.806,-0.49
21.808,-0.47
21.811,-0.465
21.814,-0.455
21.817,-0.475
21.819,-0.47
21.822,-0.465
21.825,-0.45
21.828,-0.435
21.831,-0.43
21.833,-0.44
21.836,-0.455
21.839,-0.44
21.842,-0.425
21.844,-0.415
21.847,-0.42
21.85,-0.43
21.853,-0.41
21.856,-0.395
21.858,-0.385
21.861,-0.36
21.864,-0.37
21.867,-0.365
21.869,-0.375
21.872,-0.35
21.875,-0.345
21.878,-0.32
21.881,-0.31
21.883,-0.3
21.886,-0.305
21.889,-0.305
21.892,-0.28
21.894,-0.27
21.897,-0.26
21.9,-0.265
21.903,-0.26
21.906,-0.26
21.908,-0.245
21.911,-0.225
21.914,-0.215
21.917,-0.215
21.919,-0.215
21.922,-0.22
21.925,-0.21
21.928,-0.2
21.931,-0.195
21.933,-0.215
21.936,-0.215
21.939,-0.215
21.942,-0.225
21.944,-0.22
21.947,-0.235
21.95,-0.245
21.953,-0.25
21.956,-0.26
21.958,-0.275
21.961,-0.28
21.964,-0.28
21.967,-0.3
21.969,-0.31
21.972,-0.32
21.975,-0.315
21.978,-0.33
21.981,-0.34
21.983,-0.35
21.986,-0.365
21.989,-0.35
21.992,-0.385
21.994,-0.36
21.997,-0.37
22.0,-0.38
22.003,-0.375
22.006,-0.39
22.008,-0.38
22.011,-0.39
22.014,-0.39
22.017,-0.39
22.019,-0.4
22.022,-0.395
22.025,-0.4
22.028,-0.385
22.031,-0.395
22.033,-0.39
22.036,-0.4
22.039,-0.395
22.042,-0.385
22.044,-0.37
22.047,-0.38
22.05,-0.395
22.053,-0.4
22.056,-0.395
22.058,-0.375
22.061,-0.375
22.064,-0.375
22.067,-0.385
22.069,-0.395
22.072,-0.385
22.075,-0.38
22.078,-0.37
22.081,-0.385
22.083,-0.395
22.086,-0.395
22.089,-0.39
22.092,-0.385
22.094,-0.355
22.097,-0.36
22.1,-0.36
22.103,-0.38
22.106,-0.39
22.108,-0.38
22.111,-0.365
22.114,-0.365
22.117,-0.375
22.119,-0.385
22.122,-0.39
22.125,-0.375
22.128,-0.36
22.131,-0.36
22.133,-0.375
22.136,-0.375
22.139,-0.37
22.142,-0.37
22.144,-0.37
22.147,-0.39
22.15,-0.385
22.153,-0.385
22.156,-0.38
22.158,-0.365
22.161,-0.355
22.164,-0.36
22.167,-0.375
22.169,-0.375
22.172,-0.375
22.175,-0.37
22.178,-0.36
22.181,-0.37
22.183,-0.37
22.186,-0.38
22.189,-0.38
22.192,-0.37
22.194,-0.345
22.197,-0.37
22.2,-0.365
22.203,-0.375
22.206,-0.365
22.208,-0.365
22.211,-0.36
22.214,-0.37
22.217,-0.37
22.219,-0.37
22.222,-0.37
22.225,-0.37
22.228,-0.355
22.231,-0.35
22.233,-0.365
22.236,-0.38
22.239,-0.37
22.242,-0.355
22.244,-0.345
22.247,-0.36
22.25,-0.365
22.253,-0.38
22.256,-0.385
22.258,-0.375
22.261,-0.36
22.264,-0.36
22.267,-0.36
22.269,-0.37
22.272,-0.375
22.275,-0.37
22.278,-0.355
22.281,-0.355
22.283,-0.355
22.286,-0.375
22.289,-0.38
22.292,-0.36
22.294,-0.35
22.297,-0.36
22.3,-0.37
22.303,-0.375
22.306,-0.385
22.308,-0.365
22.311,-0.35
22.314,-0.35
22.317,-0.35
22.319,-0.365
22.322,-0.38
22.325,-0.365
22.328,-0.355
22.331,-0.34
22.333,-0.345
22.336,-0.345
22.339,-0.35
22.342,-0.335
22.344,-0.325
22.347,-0.315
22.35,-0.325
22.353,-0.335
22.356,-0.32
22.358,-0.29
22.361,-0.24
22.364,-0.205
22.367,-0.185
22.369,-0.195
22.372,-0.21
22.375,-0.225
22.378,-0.195
22.381,-0.215
22.383,-0.24
22.386,-0.25
22.389,-0.26
22.392,-0.245
22.394,-0.24
22.397,-0.265
22.4,-0.29
22.403,-0.3
22.406,-0.31
22.408,-0.3
22.411,-0.305
22.414,-0.35
22.417,-0.37
22.419,-0.385
22.422,-0.385
22.425,-0.385
22.428,-0.385
22.431,-0.4
22.433,-0.41
22.436,-0.405
22.439,-0.405
22.442,-0.405
22.444,-0.395
22.447,-0.41
22.45,-0.425
22.453,-0.425
22.456,-0.445
22.458,-0.43
22.461,-0.42
22.464,-0.45
22.467,-0.445
22.469,-0.44
22.472,-0.44
22.475,-0.43
22.478,-0.425
22.481,-0.435
22.483,-0.45
22.486,-0.47
22.489,-0.5
22.492,-0.505
22.494,-0.485
22.497,-0.425
22.5,-0.285
22.503,-0.08
22.506,0.16
22.508,0.48
22.511,0.78
22.514,0.9
22.517,0.775
22.519,0.46
22.522,0.19
22.525,-0.045
22.528,-0.175
22.531,-0.24
22.533,-0.275
22.536,-0.325
22.539,-0.32
22.542,-0.315
22.544,-0.33
22.547,-0.38
22.55,-0.41
22.553,-0.46
22.556,-0.49
22.558,-0.505
22.561,-0.5
22.564,-0.5
22.567,-0.5
22.569,-0.51
22.572,-0.515
22.575,-0.52
22.578,-0.52
22.581,-0.53
22.583,-0.545
22.586,-0.545
22.589,-0.54
22.592,-0.535
22.594,-0.525
22.597,-0.515
22.6,-0.52
22.603,-0.535
22.606,-0.545
22.608,-0.535
22.611,-0.52
22.614,-0.53
22.617,-0.535
22.619,-0.54
22.622,-0.535
22.625,-0.52
22.628,-0.515
22.631,-0.54
22.633,-0.53
22.636,-0.545
22.639,-0.545
22.642,-0.53
22.644,-0.505
22.647,-0.52
22.65,-0.55
22.653,-0.555
22.656,-0.53
22.658,-0.51
22.661,-0.505
22.664,-0.52
22.667,-0.525
22.669,-0.52
22.672,-0.51
22.675,-0.51
22.678,-0.515
22.681,-0.51
22.683,-0.52
22.686,-0.52
22.689,-0.515
22.692,-0.505
22.694,-0.49
22.697,-0.485
22.7,-0.495
22.703,-0.5
22.706,-0.505
22.708,-0.49
22.711,-0.48
22.714,-0.485
22.717,-0.495
22.719,-0.48
22.722,-0.48
22.725,-0.47
22.728,-0.455
22.731,-0.44
22.733,-0.45
22.736,-0.455
22.739,-0.455
22.742,-0.435
22.744,-0.405
22.747,-0.41
22.75,-0.41
22.753,-0.405
22.756,-0.395
22.758,-0.385
22.761,-0.365
22.764,-0.37
22.767,-0.365
22.769,-0.36
22.772,-0.355
22.775,-0.335
22.778,-0.315
22.781,-0.315
22.783,-0.32
22.786,-0.32
22.789,-0.32
22.792,-0.285
22.794,-0.265
22.797,-0.265
22.8,-0.275
22.803,-0.27
22.806,-0.26
22.808,-0.25
22.811,-0.235
22.814,-0.255
22.817,-0.255
22.819,-0.26
22.822,-0.265
22.825,-0.27
22.828,-0.255
22.831,-0.28
22.833,-0.265
22.836,-0.275
22.839,-0.3
22.842,-0.31
22.844,-0.31
22.847,-0.31
22.85,-0.315
22.853,-0.335
22.856,-0.35
22.858,-0.36
22.861,-0.35
22.864,-0.365
22.867,-0.37
22.869,-0.38
22.872,-0.39
22.875,-0.395
22.878,-0.4
22.881,-0.41
22.883,-0.42
22.886,-0.42
22.889,-0.42
22.892,-0.42
22.894,-0.41
22.897,-0.405
22.9,-0.405
22.903,-0.415
22.906,-0.425
22.908,-0.4
22.911,-0.385
22.914,-0.4
22.917,-0.415
22.919,-0.415
22.922,-0.41
22.925,-0.4
22.928,-0.4
22.931,-0.415
22.933,-0.41
22.936,-0.415
22.939,-0.41
22.942,-0.415
22.944,-0.4
22.947,-0.415
22.95,-0.42
22.953,-0.42
22.956,-0.415
22.958,-0.405
22.961,-0.39
22.964,-0.385
22.967,-0.4
22.969,-0.405
22.972,-0.415
22.975,-0.405
22.978,-0.41
22.981,-0.415
22.983,-0.425
22.986,-0.41
22.989,-0.4
22.992,-0.38
22.994,-0.365
22.997,-0.385
23.0,-0.39
23.003,-0.41
23.006,-0.41
23.008,-0.395
23.011,-0.39
23.014,-0.4
23.017,-0.405
23.019,-0.395
23.022,-0.395
23.025,-0.39
23.028,-0.39
23.031,-0.405
23.033,-0.41
23.036,-0.4
23.039,-0.4
23.042,-0.395
23.044,-0.405
23.047,-0.425
23.05,-0.43
23.053,-0.41
23.056,-0.41
23.058,-0.41
23.061,-0.405
23.064,-0.415
23.067,-0.415
23.069,-0.42
23.072,-0.43
23.075,-0.43
23.078,-0.405
23.081,-0.4
23.083,-0.4
23.086,-0.415
23.089,-0.41
23.092,-0.395
23.094,-0.395
23.097,-0.395
23.1,-0.41
23.103,-0.405
23.106,-0.415
23.108,-0.41
23.111,-0.41
23.114,-0.41
23.117,-0.43
23.119,-0.41
23.122,-0.41
23.125,-0.4
23.128,-0.4
23.131,-0.4
23.133,-0.41
23.136,-0.41
23.139,-0.415
23.142,-0.41
23.144,-0.4
23.147,-0.4
23.15,-0.41
23.153,-0.42
23.156,-0.435
23.158,-0.415
23.161,-0.405
23.164,-0.39
23.167,-0.39
23.169,-0.415
23.172,-0.425
23.175,-0.41
23.178,-0.385
23.181,-0.39
23.183,-0.395
23.186,-0.39
23.189,-0.395
23.192,-0.375
23.194,-0.37
23.197,-0.375
23.2,-0.365
23.203,-0.355
23.206,-0.36
23.208,-0.345
23.211,-0.315
23.214,-0.295
23.217,-0.295
23.219,-0.255
23.222,-0.24
23.225,-0.225
23.228,-0.23
23.231,-0.245
23.233,-0.255
23.236,-0.265
23.239,-0.275
23.242,-0.28
23.244,-0.285
23.247,-0.3
23.25,-0.315
23.253,-0.33
23.256,-0.33
23.258,-0.315
23.261,-0.31
23.264,-0.34
23.267,-0.335
23.269,-0.355
23.272,-0.38
23.275,-0.385
23.278,-0.38
23.281,-0.385
23.283,-0.41
23.286,-0.425
23.289,-0.44
23.292,-0.43
23.294,-0.41
23.297,-0.405
23.3,-0.405
23.303,-0.42
23.306,-0.44
23.308,-0.43
23.311,-0.41
23.314,-0.42
23.317,-0.43
23.319,-0.43
23.322,-0.425
23.325,-0.41
23.328,-0.405
23.331,-0.425
23.333,-0.435
23.336,-0.425
23.339,-0.43
23.342,-0.435
23.344,-0.465
23.347,-0.485
23.35,-0.495
23.353,-0.45
23.356,-0.31
23.358,-0.08
23.361,0.205
23.364,0.51
23.367,0.855
23.369,1.1
23.372,1.105
23.375,0.875
23.378,0.575
23.381,0.25
23.383,-0.03
23.386,-0.175
23.389,-0.245
23.392,-0.295
23.394,-0.355
23.397,-0.39
23.4,-0.39
23.403,-0.4
23.406,-0.42
23.408,-0.43
23.411,-0.455
23.414,-0.475
23.417,-0.505
23.419,-0.52
23.422,-0.505
23.425,-0.5
23.428,-0.505
23.431,-0.51
23.433,-0.515
23.436,-0.53
23.439,-0.53
23.442,-0.52
23.444,-0.5
23.447,-0.51
23.45,-0.51
23.453,-0.535
23.456,-0.525
23.458,-0.525
23.461,-0.51
23.464,-0.515
23.467,-0.53
23.469,-0.53
23.472,-0.53
23.475,-0.515
23.478,-0.51
23.481,-0.505
23.483,-0.5
23.486,-0.51
23.489,-0.515
23.492,-0.5
23.494,-0.49
23.497,-0.48
23.5,-0.5
23.503,-0.5
23.506,-0.505
23.508,-0.49
23.511,-0.48
23.514,-0.48
23.517,-0.495
23.519,-0.495
23.522,-0.485
23.525,-0.485
23.528,-0.47
23.531,-0.475
23.533,-0.465
23.536,-0.47
23.539,-0.47
23.542,-0.465
23.544,-0.45
23.547,-0.45
23.55,-0.45
23.553,-0.465
23.556,-0.47
23.558,-0.455
23.561,-0.43
23.564,-0.425
23.567,-0.43
23.569,-0.425
23.572,-0.425
23.575,-0.42
23.578,-0.4
23.581,-0.39
23.583,-0.4
23.586,-0.395
23.589,-0.395
23.592,-0.38
23.594,-0.355
23.597,-0.34
23.6,-0.335
23.603,-0.335
23.606,-0.335
23.608,-0.31
23.611,-0.3
23.614,-0.285
23.617,-0.275
23.619,-0.27
23.622,-0.275
23.625,-0.26
23.628,-0.235
23.631,-0.225
23.633,-0.225
23.636,-0.22
23.639,-0.22
23.642,-0.205
23.644,-0.18
23.647,-0.165
23.65,-0.18
23.653,-0.19
23.656,-0.2
23.658,-0.19
23.661,-0.17
23.664,-0.17
23.667,-0.17
23.669,-0.18
23.672,-0.205
23.675,-0.2
23.678,-0.2
23.681,-0.215
23.683,-0.225
23.686,-0.225
23.689,-0.24
23.692,-0.245
23.694,-0.245
23.697,-0.265
23.7,-0.29
23.703,-0.3
23.706,-0.31
23.708,-0.305
23.711,-0.295
23.714,-0.305
23.717,-0.315
23.719,-0.335
23.722,-0.35
23.725,-0.34
23.728,-0.325
23.731,-0.345
23.733,-0.345
23.736,-0.365
23.739,-0.365
23.742,-0.35
23.744,-0.34
23.747,-0.345
23.75,-0.355
23.753,-0.365
23.756,-0.38
23.758,-0.36
23.761,-0.35
23.764,-0.355
23.767,-0.36
23.769,-0.35
23.772,-0.36
23.775,-0.355
23.778,-0.345
23.781,-0.34
23.783,-0.345
23.786,-0.345
23.789,-0.355
23.792,-0.325
23.794,-0.33
23.797,-0.33
23.8,-0.335
23.803,-0.335
23.806,-0.33
23.808,-0.335
23.811,-0.32
23.814,-0.325
23.817,-0.325
23.819,-0.335
23.822,-0.325
23.825,-0.305
23.828,-0.31
23.831,-0.315
23.833,-0.31
23.836,-0.31
23.839,-0.335
23.842,-0.315
23.844,-0.295
23.847,-0.3
23.85,-0.31
23.853,-0.325
23.856,-0.34
23.858,-0.325
23.861,-0.3
23.864,-0.305
23.867,-0.32
23.869,-0.32
23.872,-0.32
23.875,-0.325
23.878,-0.315
23.881,-0.32
23.883,-0.31
23.886,-0.31
23.889,-0.315
23.892,-0.305
23.894,-0.3
23.897,-0.305
23.9,-0.31
23.903,-0.32
23.906,-0.32
23.908,-0.305
23.911,-0.29
23.914,-0.3
23.917,-0.315
23.919,-0.315
23.922,-0.32
23.925,-0.305
23.928,-0.305
23.931,-0.305
23.933,-0.305
23.936,-0.32
23.939,-0.315
23.942,-0.3
23.944,-0.285
23.947,-0.3
23.95,-0.315
23.953,-0.31
23.956,-0.32
23.958,-0.315
23.961,-0.31
23.964,-0.31
23.967,-0.31
23.969,-0.31
23.972,-0.325
23.975,-0.3
23.978,-0.29
23.981,-0.295
23.983,-0.31
23.986,-0.305
23.989,-0.315
23.992,-0.315
23.994,-0.295
23.997,-0.3
24.0,-0.3
24.003,-0.31
24.006,-0.305
24.008,-0.305
24.011,-0.295
24.014,-0.3
24.017,-0.295
24.019,-0.305
24.022,-0.315
24.025,-0.295
24.028,-0.28
24.031,-0.285
24.033,-0.295
24.036,-0.3
24.039,-0.29
24.042,-0.28
24.044,-0.26
24.047,-0.27
24.05,-0.275
24.053,-0.275
24.056,-0.27
24.058,-0.26
24.061,-0.245
24.064,-0.25
24.067,-0.245
24.069,-0.225
24.072,-0.205
24.075,-0.165
24.078,-0.125
24.081,-0.11
24.083,-0.11
24.086,-0.125
24.089,-0.13
24.092,-0.135
24.094,-0.13
24.097,-0.14
24.1,-0.165
24.103,-0.18
24.106,-0.18
24.108,-0.18
24.111,-0.18
24.114,-0.16
24.117,-0.17
24.119,-0.195
24.122,-0.21
24.125,-0.205
24.128,-0.22
24.131,-0.25
24.133,-0.26
24.136,-0.26
24.139,-0.28
24.142,-0.275
24.144,-0.265
24.147,-0.27
24.15,-0.285
24.153,-0.305
24.156,-0.31
24.158,-0.305
24.161,-0.29
24.164,-0.29
24.167,-0.295
24.169,-0.31
24.172,-0.31
24.175,-0.31
24.178,-0.3
24.181,-0.295
24.183,-0.31
24.186,-0.315
24.189,-0.305
24.192,-0.305
24.194,-0.325
24.197,-0.365
24.2,-0.39
24.203,-0.395
24.206,-0.365
24.208,-0.235
24.211,-0.03
24.214,0.22
24.217,0.525
24.219,0.85
24.222,1.145
24.225,1.265
24.228,1.1
24.231,0.805
24.233,0.495
24.236,0.235
24.239,0.085
24.242,0.055
24.244,0.045
24.247,-0.005
24.25,-0.05
24.253,-0.1
24.256,-0.145
24.258,-0.19
24.261,-0.24
24.264,-0.29
24.267,-0.335
24.269,-0.365
24.272,-0.365
24.275,-0.36
24.278,-0.355
24.281,-0.36
24.283,-0.37
24.286,-0.385
24.289,-0.405
24.292,-0.395
24.294,-0.385
24.297,-0.385
24.3,-0.4
24.303,-0.415
24.306,-0.405
24.308,-0.405
24.311,-0.395
24.314,-0.405
24.317,-0.4
24.319,-0.405
24.322,-0.415
24.325,-0.4
24.328,-0.395
24.331,-0.385
24.333,-0.395
24.336,-0.415
24.339,-0.39
24.342,-0.39
24.344,-0.39
24.347,-0.39
24.35,-0.395
24.353,-0.4
24.356,-0.395
24.358,-0.39
24.361,-0.37
24.364,-0.38
24.367,-0.39
24.369,-0.41
24.372,-0.41
24.375,-0.4
24.378,-0.385
24.381,-0.395
24.383,-0.41
24.386,-0.395
24.389,-0.38
24.392,-0.37
24.394,-0.37
24.397,-0.37
24.4,-0.375
24.403,-0.395
24.406,-0.39
24.408,-0.37
24.411,-0.36
24.414,-0.355
24.417,-0.36
24.419,-0.375
24.422,-0.37
24.425,-0.36
24.428,-0.335
24.431,-0.325
24.433,-0.33
24.436,-0.335
24.439,-0.325
24.442,-0.305
24.444,-0.29
24.447,-0.285
24.45,-0.285
24.453,-0.27
24.456,-0.255
24.458,-0.25
24.461,-0.23
24.464,-0.21
24.467,-0.215
24.469,-0.21
24.472,-0.195
24.475,-0.18
24.478,-0.155
24.481,-0.155
24.483,-0.165
24.486,-0.175
24.489,-0.165
24.492,-0.145
24.494,-0.11
24.497,-0.12
24.5,-0.12
24.503,-0.12
24.506,-0.125
24.508,-0.1
24.511,-0.085
24.514,-0.085
24.517,-0.1
24.519,-0.12
24.522,-0.12
24.525,-0.095
24.528,-0.085
24.531,-0.1
24.533,-0.125
24.536,-0.15
24.539,-0.155
24.542,-0.15
24.544,-0.175
24.547,-0.18
24.55,-0.2
24.553,-0.225
24.556,-0.24
24.558,-0.225
24.561,-0.225
24.564,-0.26
24.567,-0.275
24.569,-0.28
24.572,-0.285
24.575,-0.275
24.578,-0.27
24.581,-0.285
24.583,-0.295
24.586,-0.32
24.589,-0.315
24.592,-0.305
24.594,-0.3
24.597,-0.305
24.6,-0.315
24.603,-0.315
24.606,-0.33
24.608,-0.315
24.611,-0.315
24.614,-0.315
24.617,-0.32
24.619,-0.315
24.622,-0.325
24.625,-0.29
24.628,-0.3
24.631,-0.305
24.633,-0.31
24.636,-0.32
24.639,-0.32
24.642,-0.315
24.644,-0.315
24.647,-0.315
24.65,-0.32
24.653,-0.335
24.656,-0.325
24.658,-0.305
24.661,-0.29
24.664,-0.3
24.667,-0.32
24.669,-0.315
24.672,-0.315
24.675,-0.31
24.678,-0.295
24.681,-0.29
24.683,-0.31
24.686,-0.305
24.689,-0.305
24.692,-0.3
24.694,-0.295
24.697,-0.3
24.7,-0.3
24.703,-0.31
24.706,-0.31
24.708,-0.3
24.711,-0.305
24.714,-0.31
24.717,-0.32
24.719,-0.32
24.722,-0.315
24.725,-0.315
24.728,-0.3
24.731,-0.295
24.733,-0.295
24.736,-0.32
24.739,-0.315
24.742,-0.31
24.744,-0.3
24.747,-0.295
24.75,-0.315
24.753,-0.325
24.756,-0.34
24.758,-0.31
24.761,-0.295
24.764,-0.3
24.767,-0.31
24.769,-0.32
24.772,-0.32
24.775,-0.305
24.778,-0.295
24.781,-0.3
24.783,-0.3
24.786,-0.305
24.789,-0.315
24.792,-0.315
24.794,-0.315
24.797,-0.3
24.8,-0.305
24.803,-0.325
24.806,-0.33
24.808,-0.315
24.811,-0.31
24.814,-0.305
24.817,-0.315
24.819,-0.32
24.822,-0.32
24.825,-0.305
24.828,-0.295
24.831,-0.3
24.833,-0.305
24.836,-0.315
24.839,-0.32
24.842,-0.305
24.844,-0.315
24.847,-0.3
24.85,-0.315
24.853,-0.33
24.856,-0.32
24.858,-0.305
24.861,-0.31
24.864,-0.305
24.867,-0.32
24.869,-0.315
24.872,-0.31
24.875,-0.295
24.878,-0.29
24.881,-0.285
24.883,-0.285
24.886,-0.295
24.889,-0.295
24.892,-0.265
24.894,-0.26
24.897,-0.25
24.9,-0.255
24.903,-0.25
24.906,-0.255
24.908,-0.235
24.911,-0.23
24.914,-0.215
24.917,-0.205
24.919,-0.19
24.922,-0.165
24.925,-0.115
24.928,-0.1
24.931,-0.105
24.933,-0.14
24.936,-0.155
24.939,-0.16
24.942,-0.15
24.944,-0.16
24.947,-0.17
24.95,-0.185
24.953,-0.205
24.956,-0.21
24.958,-0.2
24.961,-0.195
24.964,-0.21
24.967,-0.225
24.969,-0.24
24.972,-0.255
24.975,-0.265
24.978,-0.26
24.981,-0.29
24.983,-0.32
24.986,-0.32
24.989,-0.33
24.992,-0.315
24.994,-0.32
24.997,-0.33
25.0,-0.34
25.003,-0.33
25.006,-0.335
25.008,-0.33
25.011,-0.35
25.014,-0.34
25.017,-0.35
25.019,-0.355
25.022,-0.355
25.025,-0.36
25.028,-0.35
25.031,-0.335
25.033,-0.35
25.036,-0.37
25.039,-0.38
25.042,-0.39
25.044,-0.395
25.047,-0.385
25.05,-0.36
25.053,-0.275
25.056,-0.1
25.058,0.115
25.061,0.345
25.064,0.63
25.067,0.93
25.069,1.075
25.072,0.995
25.075,0.73
25.078,0.455
25.081,0.185
25.083,0.01
25.086,-0.05
25.089,-0.06
25.092,-0.09
25.094,-0.125
25.097,-0.17
25.1,-0.205
25.103,-0.245
25.106,-0.31
25.108,-0.335
25.111,-0.37
25.114,-0.39
25.117,-0.395
25.119,-0.36
25.122,-0.34
25.125,-0.345
25.128,-0.385
25.131,-0.445
25.133,-0.495
25.136,-0.51
25.139,-0.495
25.142,-0.47
25.144,-0.47
25.147,-0.475
25.15,-0.475
25.153,-0.475
25.156,-0.485
25.158,-0.465
25.161,-0.46
25.164,-0.435
25.167,-0.455
25.169,-0.475
25.172,-0.485
25.175,-0.475
25.178,-0.46
25.181,-0.465
25.183,-0.47
25.186,-0.47
25.189,-0.475
25.192,-0.455
25.194,-0.465
25.197,-0.46
25.2,-0.455
25.203,-0.46
25.206,-0.47
25.208,-0.475
25.211,-0.465
25.214,-0.44
25.217,-0.45
25.219,-0.46
25.222,-0.485
25.225,-0.485
25.228,-0.465
25.231,-0.47
25.233,-0.465
25.236,-0.475
25.239,-0.465
25.242,-0.445
25.244,-0.45
25.247,-0.45
25.25,-0.44
25.253,-0.455
25.256,-0.455
25.258,-0.45
25.261,-0.44
25.264,-0.43
25.267,-0.445
25.269,-0.45
25.272,-0.44
25.275,-0.41
25.278,-0.415
25.281,-0.41
25.283,-0.425
25.286,-0.425
25.289,-0.415
25.292,-0.38
25.294,-0.385
25.297,-0.375
25.3,-0.375
25.303,-0.365
25.306,-0.36
25.308,-0.345
25.311,-0.32
25.314,-0.32
25.317,-0.315
25.319,-0.315
25.322,-0.32
25.325,-0.31
25.328,-0.29
25.331,-0.285
25.333,-0.265
25.336,-0.25
25.339,-0.265
25.342,-0.245
25.344,-0.24
25.347,-0.225
25.35,-0.23
25.353,-0.235
25.356,-0.225
25.358,-0.205
25.361,-0.2
25.364,-0.21
25.367,-0.21
25.369,-0.205
25.372,-0.225
25.375,-0.235
25.378,-0.255
25.381,-0.245
25.383,-0.255
25.386,-0.265
25.389,-0.28
25.392,-0.27
25.394,-0.26
25.397,-0.27
25.4,-0.295
25.403,-0.33
25.406,-0.35
25.408,-0.345
25.411,-0.34
25.414,-0.34
25.417,-0.345
25.419,-0.355
25.422,-0.355
25.425,-0.35
25.428,-0.345
25.431,-0.33
25.433,-0.345
25.436,-0.365
25.439,-0.375
25.442,-0.375
25.444,-0.375
25.447,-0.36
25.45,-0.365
25.453,-0.39
25.456,-0.39
25.458,-0.375
25.461,-0.355
25.464,-0.365
25.467,-0.365
25.469,-0.36
25.472,-0.365
25.475,-0.355
25.478,-0.345
25.481,-0.35
25.483,-0.355
25.486,-0.355
25.489,-0.37
25.492,-0.35
25.494,-0.34
25.497,-0.33
25.5,-0.33
25.503,-0.34
25.506,-0.335
25.508,-0.335
25.511,-0.33
25.514,-0.33
25.517,-0.325
25.519,-0.335
25.522,-0.345
25.525,-0.33
25.528,-0.315
25.531,-0.295
25.533,-0.31
25.536,-0.315
25.539,-0.325
25.542,-0.305
25.544,-0.3
25.547,-0.295
25.55,-0.3
25.553,-0.33
25.556,-0.325
25.558,-0.3
25.561,-0.3
25.564,-0.295
25.567,-0.3
25.569,-0.315
25.572,-0.315
25.575,-0.31
25.578,-0.305
25.581,-0.305
25.583,-0.31
25.586,-0.31
25.589,-0.32
25.592,-0.295
25.594,-0.29
25.597,-0.295
25.6,-0.3
25.603,-0.32
25.606,-0.32
25.608,-0.31
25.611,-0.32
25.614,-0.3
25.617,-0.3
25.619,-0.31
25.622,-0.31
25.625,-0.305
25.628,-0.305
25.631,-0.29
25.633,-0.295
25.636,-0.315
25.639,-0.34
25.642,-0.33
25.644,-0.325
25.647,-0.305
25.65,-0.295
25.653,-0.315
25.656,-0.32
25.658,-0.31
25.661,-0.305
25.664,-0.305
25.667,-0.31
25.669,-0.315
25.672,-0.32
25.675,-0.33
25.678,-0.32
25.681,-0.32
25.683,-0.32
25.686,-0.31
25.689,-0.315
25.692,-0.31
25.694,-0.3
25.697,-0.3
25.7,-0.305
25.703,-0.305
25.706,-0.315
25.708,-0.3
25.711,-0.28
25.714,-0.28
25.717,-0.275
25.719,-0.28
25.722,-0.27
25.725,-0.265
25.728,-0.235
25.731,-0.245
25.733,-0.23
25.736,-0.2
25.739,-0.175
25.742,-0.135
25.744,-0.12
25.747,-0.12
25.75,-0.13
25.753,-0.14
25.756,-0.145
25.758,-0.13
25.761,-0.13
25.764,-0.15
25.767,-0.16
25.769,-0.18
25.772,-0.175
25.775,-0.18
25.778,-0.175
25.781,-0.17
25.783,-0.175
25.786,-0.205
25.789,-0.225
25.792,-0.245
25.794,-0.23
25.797,-0.245
25.8,-0.26
25.803,-0.28
25.806,-0.29
25.808,-0.275
25.811,-0.28
25.814,-0.275
25.817,-0.29
25.819,-0.3
25.822,-0.31
25.825,-0.295
25.828,-0.285
25.831,-0.295
25.833,-0.305
25.836,-0.3
25.839,-0.305
25.842,-0.305
25.844,-0.295
25.847,-0.295
25.85,-0.31
25.853,-0.305
25.856,-0.305
25.858,-0.305
25.861,-0.33
25.864,-0.36
25.867,-0.385
25.869,-0.37
25.872,-0.275
25.875,-0.085
25.878,0.165
25.881,0.44
25.883,0.785
25.886,1.07
25.889,1.2
25.892,1.08
25.894,0.8
25.897,0.5
25.9,0.235
25.903,0.075
25.906,0.015
25.908,0.0
25.911,-0.045
25.914,-0.09
25.917,-0.125
25.919,-0.165
25.922,-0.195
25.925,-0.22
25.928,-0.26
25.931,-0.285
25.933,-0.305
25.936,-0.33
25.939,-0.345
25.942,-0.335
25.944,-0.33
25.947,-0.34
25.95,-0.35
25.953,-0.345
25.956,-0.37
25.958,-0.37
25.961,-0.36
25.964,-0.35
25.967,-0.335
25.969,-0.35
25.972,-0.355
25.975,-0.35
25.978,-0.345
25.981,-0.35
25.983,-0.365
25.986,-0.375
25.989,-0.375
25.992,-0.355
25.994,-0.35
25.997,-0.35
26.0,-0.345
26.003,-0.35
26.006,-0.355
26.008,-0.345
26.011,-0.345
26.014,-0.33
26.017,-0.35
26.019,-0.34
26.022,-0.345
26.025,-0.34
26.028,-0.33
26.031,-0.335
26.033,-0.335
26.036,-0.345
26.039,-0.345
26.042,-0.325
26.044,-0.325
26.047,-0.33
26.05,-0.34
26.053,-0.34
26.056,-0.34
26.058,-0.34
26.061,-0.315
26.064,-0.315
26.067,-0.32
26.069,-0.325
26.072,-0.34
26.075,-0.305
26.078,-0.285
26.081,-0.285
26.083,-0.295
26.086,-0.29
26.089,-0.295
26.092,-0.285
26.094,-0.27
26.097,-0.285
26.1,-0.27
26.103,-0.275
26.106,-0.28
26.108,-0.25
26.111,-0.24
26.114,-0.235
26.117,-0.235
26.119,-0.23
26.122,-0.23
26.125,-0.22
26.128,-0.2
26.131,-0.19
26.133,-0.19
26.136,-0.185
26.139,-0.185
26.142,-0.16
26.144,-0.14
26.147,-0.13
26.15,-0.115
26.153,-0.115
26.156,-0.115
26.158,-0.1
26.161,-0.085
26.164,-0.075
26.167,-0.075
26.169,-0.085
26.172,-0.085
26.175,-0.06
26.178,-0.05
26.181,-0.04
26.183,-0.03
26.186,-0.04
26.189,-0.05
26.192,-0.03
26.194,-0.025
26.197,-0.035
26.2,-0.035
26.203,-0.05
26.206,-0.055
26.208,-0.05
26.211,-0.065
26.214,-0.08
26.217,-0.09
26.219,-0.115
26.222,-0.135
26.225,-0.15
26.228,-0.14
26.231,-0.145
26.233,-0.155
26.236,-0.165
26.239,-0.18
26.242,-0.18
26.244,-0.185
26.247,-0.205
26.25,-0.205
26.253,-0.22
26.256,-0.23
26.258,-0.22
26.261,-0.205
26.264,-0.22
26.267,-0.23
26.269,-0.23
26.272,-0.245
26.275,-0.235
26.278,-0.235
26.281,-0.23
26.283,-0.23
26.286,-0.24
26.289,-0.235
26.292,-0.225
26.294,-0.215
26.297,-0.21
26.3,-0.23
26.303,-0.24
26.306,-0.24
26.308,-0.235
26.311,-0.225
26.314,-0.215
26.317,-0.21
26.319,-0.235
26.322,-0.245
26.325,-0.23
26.328,-0.225
26.331,-0.225
26.333,-0.215
26.336,-0.22
26.339,-0.22
26.342,-0.215
26.344,-0.21
26.347,-0.21
26.35,-0.21
26.353,-0.23
26.356,-0.23
26.358,-0.215
26.361,-0.21
26.364,-0.19
26.367,-0.205
26.369,-0.2
26.372,-0.215
26.375,-0.2
26.378,-0.195
26.381,-0.19
26.383,-0.19
26.386,-0.205
26.389,-0.215
26.392,-0.215
26.394,-0.2
26.397,-0.2
26.4,-0.2
26.403,-0.225
26.406,-0.225
26.408,-0.22
26.411,-0.2
26.414,-0.2
26.417,-0.195
26.419,-0.215
26.422,-0.22
26.425,-0.215
26.428,-0.21
26.431,-0.205
26.433,-0.21
26.436,-0.235
26.439,-0.23
26.442,-0.21
26.444,-0.2
26.447,-0.205
26.45,-0.21
26.453,-0.22
26.456,-0.23
26.458,-0.23
26.461,-0.22
26.464,-0.21
26.467,-0.215
26.469,-0.21
26.472,-0.23
26.475,-0.235
26.478,-0.22
26.481,-0.215
26.483,-0.215
26.486,-0.23
26.489,-0.23
26.492,-0.22
26.494,-0.215
26.497,-0.225
26.5,-0.245
26.503,-0.25
26.506,-0.245
26.508,-0.205
26.511,-0.2
26.514,-0.225
26.517,-0.24
26.519,-0.245
26.522,-0.245
26.525,-0.24
26.528,-0.215
26.531,-0.215
26.533,-0.225
26.536,-0.225
26.539,-0.24
26.542,-0.24
26.544,-0.23
26.547,-0.225
26.55,-0.23
26.553,-0.23
26.556,-0.235
26.558,-0.235
26.561,-0.225
26.564,-0.205
26.567,-0.195
26.569,-0.18
26.572,-0.175
26.575,-0.18
26.578,-0.175
26.581,-0.18
26.583,-0.185
26.586,-0.175
26.589,-0.16
26.592,-0.12
26.594,-0.09
26.597,-0.07
26.6,-0.045
26.603,-0.055
26.606,-0.065
26.608,-0.075
26.611,-0.085
26.614,-0.065
26.617,-0.06
26.619,-0.09
26.622,-0.12
26.625,-0.115
26.628,-0.11
26.631,-0.1
26.633,-0.1
26.636,-0.11
26.639,-0.13
26.642,-0.16
26.644,-0.15
26.647,-0.18
26.65,-0.195
26.653,-0.22
26.656,-0.24
26.658,-0.245
26.661,-0.235
26.664,-0.225
26.667,-0.22
26.669,-0.245
26.672,-0.255
26.675,-0.24
26.678,-0.22
26.681,-0.21
26.683,-0.205
26.686,-0.215
26.689,-0.225
26.692,-0.22
26.694,-0.22
26.697,-0.24
26.7,-0.245
26.703,-0.25
26.706,-0.25
26.708,-0.24
26.711,-0.255
26.714,-0.28
26.717,-0.32
26.719,-0.335
26.722,-0.345
26.725,-0.295
26.728,-0.15
26.731,0.055
26.733,0.3
26.736,0.57
26.739,0.865
26.742,1.135
26.744,1.235
26.747,1.08
26.75,0.795
26.753,0.515
26.756,0.255
26.758,0.065
26.761,0.0
26.764,0.0
26.767,-0.025
26.769,-0.06
26.772,-0.095
26.775,-0.12
26.778,-0.15
26.781,-0.19
26.783,-0.245
26.786,-0.29
26.789,-0.295
26.792,-0.29
26.794,-0.265
26.797,-0.27
26.8,-0.3
26.803,-0.335
26.806,-0.34
26.808,-0.325
26.811,-0.315
26.814,-0.31
26.817,-0.32
26.819,-0.345
26.822,-0.36
26.825,-0.35
26.828,-0.34
26.831,-0.35
26.833,-0.335
26.836,-0.34
26.839,-0.335
26.842,-0.32
26.844,-0.32
26.847,-0.31
26.85,-0.315
26.853,-0.315
26.856,-0.33
26.858,-0.325
26.861,-0.325
26.864,-0.325
26.867,-0.315
26.869,-0.325
26.872,-0.32
26.875,-0.305
26.878,-0.3
26.881,-0.305
26.883,-0.315
26.886,-0.315
26.889,-0.31
26.892,-0.305
26.894,-0.3
26.897,-0.295
26.9,-0.285
26.903,-0.29
26.906,-0.285
26.908,-0.285
26.911,-0.275
26.914,-0.285
26.917,-0.285
26.919,-0.285
26.922,-0.29
26.925,-0.265
26.928,-0.26
26.931,-0.255
26.933,-0.255
26.936,-0.25
26.939,-0.24
26.942,-0.225
26.944,-0.23
26.947,-0.225
26.95,-0.225
26.953,-0.22
26.956,-0.225
26.958,-0.21
26.961,-0.205
26.964,-0.225
26.967,-0.225
26.969,-0.195
26.972,-0.195
26.975,-0.17
26.978,-0.165
26.981,-0.16
26.983,-0.13
26.986,-0.135
26.989,-0.14
26.992,-0.115
26.994,-0.1
26.997,-0.075
27.0,-0.075
27.003,-0.065
27.006,-0.07
27.008,-0.06
27.011,-0.045
27.014,-0.025
27.017,-0.025
27.019,-0.03
27.022,-0.035
27.025,-0.01
27.028,-0.01
27.031,0.005
27.033,-0.005
27.036,0.015
27.039,0.025
27.042,0.045
27.044,0.055
27.047,0.055
27.05,0.035
27.053,0.015
27.056,-0.005
27.058,0.005
27.061,0.01
27.064,0.02
27.067,0.025
27.069,0.015
27.072,0.01
27.075,-0.01
27.078,-0.04
27.081,-0.06
27.083,-0.08
27.086,-0.1
27.089,-0.11
27.092,-0.115
27.094,-0.09
27.097,-0.085
27.1,-0.085
27.103,-0.11
27.106,-0.135
27.108,-0.135
27.111,-0.14
27.114,-0.14
27.117,-0.145
27.119,-0.16
27.122,-0.18
27.125,-0.195
27.128,-0.175
27.131,-0.16
27.133,-0.165
27.136,-0.175
27.139,-0.195
27.142,-0.2
27.144,-0.2
27.147,-0.2
27.15,-0.21
27.153,-0.2
27.156,-0.21
27.158,-0.18
27.161,-0.175
27.164,-0.18
27.167,-0.185
27.169,-0.185
27.172,-0.195
27.175,-0.19
27.178,-0.185
27.181,-0.19
27.183,-0.185
27.186,-0.195
27.189,-0.2
27.192,-0.175
27.194,-0.17
27.197,-0.16
27.2,-0.18
27.203,-0.18
27.206,-0.205
27.208,-0.19
27.211,-0.195
27.214,-0.185
27.217,-0.175
27.219,-0.16
27.222,-0.18
27.225,-0.19
27.228,-0.185
27.231,-0.175
27.233,-0.15
27.236,-0.135
27.239,-0.16
27.242,-0.18
27.244,-0.18
27.247,-0.155
27.25,-0.155
27.253,-0.16
27.256,-0.175
27.258,-0.175
27.261,-0.175
27.264,-0.18
27.267,-0.18
27.269,-0.18
27.272,-0.18
27.275,-0.16
27.278,-0.155
27.281,-0.15
27.283,-0.15
27.286,-0.165
27.289,-0.185
27.292,-0.2
27.294,-0.195
27.297,-0.175
27.3,-0.15
27.303,-0.145
27.306,-0.165
27.308,-0.165
27.311,-0.16
27.314,-0.15
27.317,-0.145
27.319,-0.16
27.322,-0.165
27.325,-0.165
27.328,-0.145
27.331,-0.15
27.333,-0.165
27.336,-0.18
27.339,-0.2
27.342,-0.175
27.344,-0.15
27.347,-0.145
27.35,-0.16
27.353,-0.18
27.356,-0.2
27.358,-0.195
27.361,-0.165
27.364,-0.15
27.367,-0.145
27.369,-0.16
27.372,-0.165
27.375,-0.185
27.378,-0.175
27.381,-0.19
27.383,-0.175
27.386,-0.175
27.389,-0.18
27.392,-0.155
27.394,-0.145
27.397,-0.145
27.4,-0.15
27.403,-0.16
27.406,-0.19
27.408,-0.18
27.411,-0.16
27.414,-0.16
27.417,-0.17
27.419,-0.175
27.422,-0.185
27.425,-0.165
27.428,-0.155
27.431,-0.175
27.433,-0.175
27.436,-0.165
27.439,-0.16
27.442,-0.165
27.444,-0.17
27.447,-0.15
27.45,-0.125
27.453,-0.125
27.456,-0.14
27.458,-0.13
27.461,-0.125
27.464,-0.11
27.467,-0.11
27.469,-0.12
27.472,-0.135
27.475,-0.13
27.478,-0.09
27.481,-0.075
27.483,-0.055
27.486,-0.03
27.489,-0.015
27.492,0.015
27.494,0.015
27.497,0.005
27.5,-0.01
27.503,-0.01
27.506,-0.035
27.508,-0.04
27.511,-0.055
27.514,-0.05
27.517,-0.055
27.519,-0.06
27.522,-0.06
27.525,-0.04
27.528,-0.015
27.531,-0.035
27.533,-0.07
27.536,-0.11
27.539,-0.14
27.542,-0.16
27.544,-0.175
27.547,-0.185
27.55,-0.21
27.553,-0.215
27.556,-0.205
27.558,-0.2
27.561,-0.165
27.564,-0.145
27.567,-0.16
27.569,-0.16
27.572,-0.19
27.575,-0.19
27.578,-0.2
27.581,-0.205
27.583,-0.235
27.586,-0.27
27.589,-0.295
27.592,-0.3
27.594,-0.28
27.597,-0.245
27.6,-0.24
27.603,-0.235
27.606,-0.245
27.608,-0.24
27.611,-0.23
27.614,-0.245
27.617,-0.28
27.619,-0.315
27.622,-0.33
27.625,-0.28
27.628,-0.17
27.631,0.0
27.633,0.205
27.636,0.435
27.639,0.705
27.642,1.01
27.644,1.21
27.647,1.22
27.65,1.02
27.653,0.75
27.656,0.515
27.658,0.285
27.661,0.105
27.664,-0.005
27.667,-0.03
27.669,-0.06
27.672,-0.11
27.675,-0.135
27.678,-0.145
27.681,-0.15
27.683,-0.17
27.686,-0.215
27.689,-0.255
27.692,-0.27
27.694,-0.255
27.697,-0.245
27.7,-0.255
27.703,-0.29
27.706,-0.3
27.708,-0.315
27.711,-0.32
27.714,-0.32
27.717,-0.33
27.719,-0.335
27.722,-0.34
27.725,-0.325
27.728,-0.31
27.731,-0.31
27.733,-0.315
27.736,-0.33
27.739,-0.345
27.742,-0.32
27.744,-0.31
27.747,-0.33
27.75,-0.34
27.753,-0.345
27.756,-0.34
27.758,-0.34
27.761,-0.33
27.764,-0.325
27.767,-0.32
27.769,-0.33
27.772,-0.33
27.775,-0.325
